{
    "camera_angle_x": 0.6911112070083618,
    "frames": [
        {
            "file_path": "./train/r_000",
            "rotation": 0.041887902047863905,
            "time": 0.0,
            "transform_matrix": [
                [
                    -0.5620513558387756,
                    0.7772298455238342,
                    -0.2828638553619385,
                    -1.1402606964111328
                ],
                [
                    -0.8271024227142334,
                    -0.5281608700752258,
                    0.19221805036067963,
                    0.7748557329177856
                ],
                [
                    -1.4901162970204496e-08,
                    0.3419938087463379,
                    0.9397022128105164,
                    3.7880609035491943
                ],
                [
                    0.0,
                    0.0,
                    0.0,
                    1.0
                ]
            ]
        },
        {
            "file_path": "./train/r_001",
            "rotation": 0.041887902047863905,
            "time": 0.006711409395973154,
            "transform_matrix": [
                [
                    -0.8921768665313721,
                    -0.15949580073356628,
                    0.4225890636444092,
                    1.7035109996795654
                ],
                [
                    0.4516862630844116,
                    -0.3150383234024048,
                    0.8347037434577942,
                    3.3647983074188232
                ],
                [
                    0.0,
                    0.9355809688568115,
                    0.35311198234558105,
                    1.4234399795532227
                ],
                [
                    0.0,
                    0.0,
                    0.0,
                    1.0
                ]
            ]
        },
        {
            "file_path": "./train/r_002",
            "rotation": 0.041887902047863905,
            "time": 0.013422818791946308,
            "transform_matrix": [
                [
                    -0.21001367270946503,
                    0.8316669464111328,
                    -0.5140274167060852,
                    -2.072110891342163
                ],
                [
                    -0.9776983857154846,
                    -0.178645521402359,
                    0.11041522771120071,
                    0.44509798288345337
                ],
                [
                    0.0,
                    0.525752604007721,
                    0.8506375551223755,
                    3.4290294647216797
                ],
                [
                    0.0,
                    0.0,
                    0.0,
                    1.0
                ]
            ]
        },
        {
            "file_path": "./train/r_003",
            "rotation": 0.041887902047863905,
            "time": 0.020134228187919462,
            "transform_matrix": [
                [
                    -0.9617259502410889,
                    -0.1567624807357788,
                    0.22474142909049988,
                    0.9059616923332214
                ],
                [
                    0.27401313185691833,
                    -0.5502018928527832,
                    0.78879314661026,
                    3.1797268390655518
                ],
                [
                    -1.4901161193847656e-08,
                    0.8201850056648254,
                    0.572098433971405,
                    2.3062026500701904
                ],
                [
                    0.0,
                    0.0,
                    0.0,
                    1.0
                ]
            ]
        },
        {
            "file_path": "./train/r_004",
            "rotation": 0.041887902047863905,
            "time": 0.026845637583892617,
            "transform_matrix": [
                [
                    -0.32958802580833435,
                    0.4402584135532379,
                    -0.8351911306381226,
                    -3.366763114929199
                ],
                [
                    -0.9441248774528503,
                    -0.15369142591953278,
                    0.29155996441841125,
                    1.1753158569335938
                ],
                [
                    0.0,
                    0.8846192955970764,
                    0.46631377935409546,
                    1.8797709941864014
                ],
                [
                    0.0,
                    0.0,
                    0.0,
                    1.0
                ]
            ]
        },
        {
            "file_path": "./train/r_005",
            "rotation": 0.041887902047863905,
            "time": 0.03355704697986577,
            "transform_matrix": [
                [
                    -0.5836700201034546,
                    0.275275856256485,
                    -0.7639060616493225,
                    -3.079403877258301
                ],
                [
                    -0.8119909167289734,
                    -0.19787201285362244,
                    0.5491060018539429,
                    2.213517189025879
                ],
                [
                    -1.4901160305669237e-08,
                    0.9407815933227539,
                    0.3390134274959564,
                    1.3666068315505981
                ],
                [
                    0.0,
                    0.0,
                    0.0,
                    1.0
                ]
            ]
        },
        {
            "file_path": "./train/r_006",
            "rotation": 0.041887902047863905,
            "time": 0.040268456375838924,
            "transform_matrix": [
                [
                    0.9846084713935852,
                    0.05297540873289108,
                    -0.16655273735523224,
                    -0.6713955402374268
                ],
                [
                    -0.17477473616600037,
                    0.2984415292739868,
                    -0.9382891058921814,
                    -3.7823643684387207
                ],
                [
                    3.725290298461914e-09,
                    0.9529566168785095,
                    0.30310678482055664,
                    1.221862554550171
                ],
                [
                    0.0,
                    0.0,
                    0.0,
                    1.0
                ]
            ]
        },
        {
            "file_path": "./train/r_007",
            "rotation": 0.041887902047863905,
            "time": 0.04697986577181208,
            "transform_matrix": [
                [
                    0.3132673501968384,
                    -0.16140875220298767,
                    0.9358476400375366,
                    3.772522449493408
                ],
                [
                    0.9496648907661438,
                    0.05324413999915123,
                    -0.30870941281318665,
                    -1.2444474697113037
                ],
                [
                    0.0,
                    0.985450267791748,
                    0.16996388137340546,
                    0.6851463317871094
                ],
                [
                    0.0,
                    0.0,
                    0.0,
                    1.0
                ]
            ]
        },
        {
            "file_path": "./train/r_008",
            "rotation": 0.041887902047863905,
            "time": 0.053691275167785234,
            "transform_matrix": [
                [
                    -0.0691847950220108,
                    -0.9206585884094238,
                    0.38418886065483093,
                    1.5487148761749268
                ],
                [
                    0.9976038932800293,
                    -0.06384856253862381,
                    0.026643868535757065,
                    0.10740487277507782
                ],
                [
                    1.862645149230957e-09,
                    0.385111540555954,
                    0.9228699803352356,
                    3.720207929611206
                ],
                [
                    0.0,
                    0.0,
                    0.0,
                    1.0
                ]
            ]
        },
        {
            "file_path": "./train/r_009",
            "rotation": 0.041887902047863905,
            "time": 0.06040268456375839,
            "transform_matrix": [
                [
                    -0.9997255206108093,
                    0.014218155294656754,
                    -0.018623871728777885,
                    -0.07507523149251938
                ],
                [
                    -0.023430848494172096,
                    -0.6066469550132751,
                    0.7946259379386902,
                    3.203239679336548
                ],
                [
                    0.0,
                    0.7948441505432129,
                    0.6068136096000671,
                    2.446143865585327
                ],
                [
                    0.0,
                    0.0,
                    0.0,
                    1.0
                ]
            ]
        },
        {
            "file_path": "./train/r_010",
            "rotation": 0.041887902047863905,
            "time": 0.06711409395973154,
            "transform_matrix": [
                [
                    -0.9999061822891235,
                    -0.013061493635177612,
                    0.004128556232899427,
                    0.016642741858959198
                ],
                [
                    0.013698452152311802,
                    -0.9534119367599487,
                    0.30136024951934814,
                    1.2148220539093018
                ],
                [
                    0.0,
                    0.3013884723186493,
                    0.9535014033317566,
                    3.843687057495117
                ],
                [
                    0.0,
                    0.0,
                    0.0,
                    1.0
                ]
            ]
        },
        {
            "file_path": "./train/r_011",
            "rotation": 0.041887902047863905,
            "time": 0.0738255033557047,
            "transform_matrix": [
                [
                    -0.0522531233727932,
                    0.18301811814308167,
                    -0.981719970703125,
                    -3.957439422607422
                ],
                [
                    -0.9986339211463928,
                    -0.009576350450515747,
                    0.0513681061565876,
                    0.2070714384317398
                ],
                [
                    0.0,
                    0.9830628037452698,
                    0.18326851725578308,
                    0.7387789487838745
                ],
                [
                    0.0,
                    0.0,
                    0.0,
                    1.0
                ]
            ]
        },
        {
            "file_path": "./train/r_012",
            "rotation": 0.041887902047863905,
            "time": 0.08053691275167785,
            "transform_matrix": [
                [
                    0.9991050958633423,
                    -0.024577727541327477,
                    0.034423403441905975,
                    0.13876517117023468
                ],
                [
                    0.042296990752220154,
                    0.5805550217628479,
                    -0.8131215572357178,
                    -3.2777979373931885
                ],
                [
                    0.0,
                    0.813849925994873,
                    0.5810750722885132,
                    2.34238862991333
                ],
                [
                    0.0,
                    0.0,
                    0.0,
                    1.0
                ]
            ]
        },
        {
            "file_path": "./train/r_013",
            "rotation": 0.041887902047863905,
            "time": 0.087248322147651,
            "transform_matrix": [
                [
                    -0.1628747433423996,
                    0.4670681953430176,
                    -0.8690909743309021,
                    -3.503417730331421
                ],
                [
                    -0.9866467714309692,
                    -0.07710318267345428,
                    0.1434687376022339,
                    0.578341007232666
                ],
                [
                    7.450580596923828e-09,
                    0.8808531761169434,
                    0.47338950634002686,
                    1.9082940816879272
                ],
                [
                    0.0,
                    0.0,
                    0.0,
                    1.0
                ]
            ]
        },
        {
            "file_path": "./train/r_014",
            "rotation": 0.041887902047863905,
            "time": 0.09395973154362416,
            "transform_matrix": [
                [
                    -0.05404111370444298,
                    0.8436614871025085,
                    -0.5341485142707825,
                    -2.153221607208252
                ],
                [
                    -0.9985387325286865,
                    -0.04565912485122681,
                    0.028908222913742065,
                    0.11653277277946472
                ],
                [
                    0.0,
                    0.5349301099777222,
                    0.8448962569236755,
                    3.405885696411133
                ],
                [
                    0.0,
                    0.0,
                    0.0,
                    1.0
                ]
            ]
        },
        {
            "file_path": "./train/r_015",
            "rotation": 0.041887902047863905,
            "time": 0.10067114093959731,
            "transform_matrix": [
                [
                    -0.9573180079460144,
                    -0.12494537234306335,
                    0.2606354355812073,
                    1.0506550073623657
                ],
                [
                    0.2890366017818451,
                    -0.4138314723968506,
                    0.8632504343986511,
                    3.4798738956451416
                ],
                [
                    0.0,
                    0.9017384648323059,
                    0.43228206038475037,
                    1.7425847053527832
                ],
                [
                    0.0,
                    0.0,
                    0.0,
                    1.0
                ]
            ]
        },
        {
            "file_path": "./train/r_016",
            "rotation": 0.041887902047863905,
            "time": 0.10738255033557047,
            "transform_matrix": [
                [
                    0.9993913769721985,
                    0.02961377240717411,
                    -0.01843273639678955,
                    -0.0743047371506691
                ],
                [
                    -0.03488181531429291,
                    0.8484577536582947,
                    -0.5281123518943787,
                    -2.1288890838623047
                ],
                [
                    0.0,
                    0.5284339785575867,
                    0.8489744067192078,
                    3.422325372695923
                ],
                [
                    0.0,
                    0.0,
                    0.0,
                    1.0
                ]
            ]
        },
        {
            "file_path": "./train/r_017",
            "rotation": 0.041887902047863905,
            "time": 0.11409395973154363,
            "transform_matrix": [
                [
                    0.9903470277786255,
                    -0.07021813094615936,
                    0.11950820684432983,
                    0.48175299167633057
                ],
                [
                    0.13861022889614105,
                    0.5016968250274658,
                    -0.8538662195205688,
                    -3.442044734954834
                ],
                [
                    0.0,
                    0.8621888160705566,
                    0.5065869688987732,
                    2.0421173572540283
                ],
                [
                    0.0,
                    0.0,
                    0.0,
                    1.0
                ]
            ]
        },
        {
            "file_path": "./train/r_018",
            "rotation": 0.041887902047863905,
            "time": 0.12080536912751678,
            "transform_matrix": [
                [
                    0.9997718930244446,
                    -0.008490717969834805,
                    0.019601287320256233,
                    0.07901530712842941
                ],
                [
                    0.02136124297976494,
                    0.3973917067050934,
                    -0.9174005389213562,
                    -3.6981594562530518
                ],
                [
                    4.656612873077393e-10,
                    0.9176097512245178,
                    0.3974824845790863,
                    1.6023029088974
                ],
                [
                    0.0,
                    0.0,
                    0.0,
                    1.0
                ]
            ]
        },
        {
            "file_path": "./train/r_019",
            "rotation": 0.041887902047863905,
            "time": 0.12751677852348994,
            "transform_matrix": [
                [
                    0.04187406972050667,
                    -0.3926455080509186,
                    0.9187361001968384,
                    3.7035436630249023
                ],
                [
                    0.9991229176521301,
                    0.01645609922707081,
                    -0.03850499168038368,
                    -0.15521858632564545
                ],
                [
                    0.0,
                    0.919542670249939,
                    0.39299020171165466,
                    1.5841941833496094
                ],
                [
                    0.0,
                    0.0,
                    0.0,
                    1.0
                ]
            ]
        },
        {
            "file_path": "./train/r_020",
            "rotation": 0.041887902047863905,
            "time": 0.1342281879194631,
            "transform_matrix": [
                [
                    0.9768979549407959,
                    -0.08202429860830307,
                    0.19733858108520508,
                    0.7954972982406616
                ],
                [
                    0.2137066274881363,
                    0.3749503493309021,
                    -0.902076244354248,
                    -3.636385917663574
                ],
                [
                    7.450581485102248e-09,
                    0.9234089851379395,
                    0.3838173449039459,
                    1.5472173690795898
                ],
                [
                    0.0,
                    0.0,
                    0.0,
                    1.0
                ]
            ]
        },
        {
            "file_path": "./train/r_021",
            "rotation": 0.041887902047863905,
            "time": 0.14093959731543623,
            "transform_matrix": [
                [
                    -0.8481112122535706,
                    0.33829814195632935,
                    -0.407752126455307,
                    -1.643701434135437
                ],
                [
                    -0.5298182964324951,
                    -0.5415335893630981,
                    0.6527127027511597,
                    2.631169080734253
                ],
                [
                    2.9802322387695312e-08,
                    0.7696075439453125,
                    0.6385172009468079,
                    2.5739452838897705
                ],
                [
                    0.0,
                    0.0,
                    0.0,
                    1.0
                ]
            ]
        },
        {
            "file_path": "./train/r_022",
            "rotation": 0.041887902047863905,
            "time": 0.1476510067114094,
            "transform_matrix": [
                [
                    -0.833466649055481,
                    -0.3914143145084381,
                    0.390036016702652,
                    1.572285532951355
                ],
                [
                    0.5525697469711304,
                    -0.5903884172439575,
                    0.5883094668388367,
                    2.371551275253296
                ],
                [
                    0.0,
                    0.7058584094047546,
                    0.7083528637886047,
                    2.855461835861206
                ],
                [
                    0.0,
                    0.0,
                    0.0,
                    1.0
                ]
            ]
        },
        {
            "file_path": "./train/r_023",
            "rotation": 0.041887902047863905,
            "time": 0.15436241610738255,
            "transform_matrix": [
                [
                    0.6915472149848938,
                    0.4867735505104065,
                    -0.5336796641349792,
                    -2.1513314247131348
                ],
                [
                    -0.7223312854766846,
                    0.4660283923149109,
                    -0.5109354853630066,
                    -2.0596468448638916
                ],
                [
                    -1.4901161193847656e-08,
                    0.7388295531272888,
                    0.6738923788070679,
                    2.7165470123291016
                ],
                [
                    0.0,
                    0.0,
                    0.0,
                    1.0
                ]
            ]
        },
        {
            "file_path": "./train/r_024",
            "rotation": 0.041887902047863905,
            "time": 0.1610738255033557,
            "transform_matrix": [
                [
                    -0.9965300559997559,
                    -0.015389801934361458,
                    0.08179746568202972,
                    0.3297360837459564
                ],
                [
                    0.08323262631893158,
                    -0.18425947427749634,
                    0.9793471693992615,
                    3.9478743076324463
                ],
                [
                    -9.313224635931761e-10,
                    0.9827570915222168,
                    0.18490107357501984,
                    0.7453599572181702
                ],
                [
                    0.0,
                    0.0,
                    0.0,
                    1.0
                ]
            ]
        },
        {
            "file_path": "./train/r_025",
            "rotation": 0.041887902047863905,
            "time": 0.16778523489932887,
            "transform_matrix": [
                [
                    -0.06926804035902023,
                    -0.2569099962711334,
                    0.9639497995376587,
                    3.88580584526062
                ],
                [
                    0.9975980520248413,
                    -0.017838498577475548,
                    0.06693167984485626,
                    0.2698102295398712
                ],
                [
                    -1.8626450382086546e-09,
                    0.9662707448005676,
                    0.25752854347229004,
                    1.038130760192871
                ],
                [
                    0.0,
                    0.0,
                    0.0,
                    1.0
                ]
            ]
        },
        {
            "file_path": "./train/r_026",
            "rotation": 0.041887902047863905,
            "time": 0.174496644295302,
            "transform_matrix": [
                [
                    -0.9992190599441528,
                    -0.02939433977007866,
                    0.026404263451695442,
                    0.10643899440765381
                ],
                [
                    0.03951217979192734,
                    -0.743350088596344,
                    0.6677343845367432,
                    2.691723585128784
                ],
                [
                    -1.862645149230957e-09,
                    0.6682562828063965,
                    0.7439310550689697,
                    2.998882293701172
                ],
                [
                    0.0,
                    0.0,
                    0.0,
                    1.0
                ]
            ]
        },
        {
            "file_path": "./train/r_027",
            "rotation": 0.041887902047863905,
            "time": 0.18120805369127516,
            "transform_matrix": [
                [
                    0.8767215013504028,
                    0.25370293855667114,
                    -0.4086494743824005,
                    -1.647318720817566
                ],
                [
                    -0.48099851608276367,
                    0.46242719888687134,
                    -0.7448499798774719,
                    -3.0025863647460938
                ],
                [
                    0.0,
                    0.8495856523513794,
                    0.5274505615234375,
                    2.126221179962158
                ],
                [
                    0.0,
                    0.0,
                    0.0,
                    1.0
                ]
            ]
        },
        {
            "file_path": "./train/r_028",
            "rotation": 0.041887902047863905,
            "time": 0.18791946308724833,
            "transform_matrix": [
                [
                    -0.9969027042388916,
                    -0.05685415863990784,
                    0.0543372705578804,
                    0.21904051303863525
                ],
                [
                    0.07864434272050858,
                    -0.7206884026527405,
                    0.6887840628623962,
                    2.7765769958496094
                ],
                [
                    3.7252896323280993e-09,
                    0.6909239888191223,
                    0.722927451133728,
                    2.9142134189605713
                ],
                [
                    0.0,
                    0.0,
                    0.0,
                    1.0
                ]
            ]
        },
        {
            "file_path": "./train/r_029",
            "rotation": 0.041887902047863905,
            "time": 0.19463087248322147,
            "transform_matrix": [
                [
                    -0.09622824937105179,
                    -0.8067575693130493,
                    0.582994282245636,
                    2.3501250743865967
                ],
                [
                    0.9953593015670776,
                    -0.07799481600522995,
                    0.056362077593803406,
                    0.22720280289649963
                ],
                [
                    0.0,
                    0.5857124924659729,
                    0.8105189204216003,
                    3.267306327819824
                ],
                [
                    0.0,
                    0.0,
                    0.0,
                    1.0
                ]
            ]
        },
        {
            "file_path": "./train/r_030",
            "rotation": 0.041887902047863905,
            "time": 0.20134228187919462,
            "transform_matrix": [
                [
                    -0.5997108817100525,
                    -0.42811423540115356,
                    0.6760657429695129,
                    2.7253081798553467
                ],
                [
                    0.8002166748046875,
                    -0.3208440840244293,
                    0.5066677927970886,
                    2.04244327545166
                ],
                [
                    0.0,
                    0.8448533415794373,
                    0.5349978804588318,
                    2.1566455364227295
                ],
                [
                    0.0,
                    0.0,
                    0.0,
                    1.0
                ]
            ]
        },
        {
            "file_path": "./train/r_031",
            "rotation": 0.041887902047863905,
            "time": 0.2080536912751678,
            "transform_matrix": [
                [
                    -0.8885476589202881,
                    -0.35444995760917664,
                    0.2912868559360504,
                    1.1742148399353027
                ],
                [
                    0.45878398418426514,
                    -0.6864792704582214,
                    0.5641484260559082,
                    2.2741551399230957
                ],
                [
                    0.0,
                    0.6349106431007385,
                    0.7725855708122253,
                    3.114392042160034
                ],
                [
                    0.0,
                    0.0,
                    0.0,
                    1.0
                ]
            ]
        },
        {
            "file_path": "./train/r_032",
            "rotation": 0.041887902047863905,
            "time": 0.21476510067114093,
            "transform_matrix": [
                [
                    0.2884373664855957,
                    -0.8193854689598083,
                    0.49538999795913696,
                    1.996980905532837
                ],
                [
                    0.9574988484382629,
                    0.24683204293251038,
                    -0.14923149347305298,
                    -0.6015713810920715
                ],
                [
                    -7.450581485102248e-09,
                    0.5173792243003845,
                    0.8557562232017517,
                    3.4496636390686035
                ],
                [
                    0.0,
                    0.0,
                    0.0,
                    1.0
                ]
            ]
        },
        {
            "file_path": "./train/r_033",
            "rotation": 0.041887902047863905,
            "time": 0.2214765100671141,
            "transform_matrix": [
                [
                    0.8079615235328674,
                    0.2571171820163727,
                    -0.5301780700683594,
                    -2.137216091156006
                ],
                [
                    -0.5892350077629089,
                    0.3525601327419281,
                    -0.7269823551177979,
                    -2.9305596351623535
                ],
                [
                    -1.4901158529312397e-08,
                    0.899773359298706,
                    0.4363575279712677,
                    1.7590134143829346
                ],
                [
                    0.0,
                    0.0,
                    0.0,
                    1.0
                ]
            ]
        },
        {
            "file_path": "./train/r_034",
            "rotation": 0.041887902047863905,
            "time": 0.22818791946308725,
            "transform_matrix": [
                [
                    -0.9743123650550842,
                    0.08433309197425842,
                    -0.20881396532058716,
                    -0.8417560458183289
                ],
                [
                    -0.22520065307617188,
                    -0.36486026644706726,
                    0.903416633605957,
                    3.641788959503174
                ],
                [
                    0.0,
                    0.9272350668907166,
                    0.3744797706604004,
                    1.5095762014389038
                ],
                [
                    0.0,
                    0.0,
                    0.0,
                    1.0
                ]
            ]
        },
        {
            "file_path": "./train/r_035",
            "rotation": 0.041887902047863905,
            "time": 0.2348993288590604,
            "transform_matrix": [
                [
                    0.31673988699913025,
                    -0.32868361473083496,
                    0.8897431492805481,
                    3.586669445037842
                ],
                [
                    0.9485123753547668,
                    0.1097584068775177,
                    -0.29711487889289856,
                    -1.1977083683013916
                ],
                [
                    0.0,
                    0.9380406141281128,
                    0.34652531147003174,
                    1.396888256072998
                ],
                [
                    0.0,
                    0.0,
                    0.0,
                    1.0
                ]
            ]
        },
        {
            "file_path": "./train/r_036",
            "rotation": 0.041887902047863905,
            "time": 0.24161073825503357,
            "transform_matrix": [
                [
                    0.41695287823677063,
                    0.11985815316438675,
                    -0.9009906649589539,
                    -3.632009744644165
                ],
                [
                    -0.9089280366897583,
                    0.05498257279396057,
                    -0.41331177949905396,
                    -1.6661131381988525
                ],
                [
                    -3.725290076417309e-09,
                    0.9912673234939575,
                    0.13186757266521454,
                    0.5315752625465393
                ],
                [
                    0.0,
                    0.0,
                    0.0,
                    1.0
                ]
            ]
        },
        {
            "file_path": "./train/r_037",
            "rotation": 0.041887902047863905,
            "time": 0.2483221476510067,
            "transform_matrix": [
                [
                    -0.3438980281352997,
                    0.19932956993579865,
                    -0.9176065325737,
                    -3.6989903450012207
                ],
                [
                    -0.9390069246292114,
                    -0.07300163805484772,
                    0.33606043457984924,
                    1.3547029495239258
                ],
                [
                    0.0,
                    0.9772094488143921,
                    0.21227698028087616,
                    0.8557158708572388
                ],
                [
                    0.0,
                    0.0,
                    0.0,
                    1.0
                ]
            ]
        },
        {
            "file_path": "./train/r_038",
            "rotation": 0.041887902047863905,
            "time": 0.2550335570469799,
            "transform_matrix": [
                [
                    0.18896618485450745,
                    -0.5332510471343994,
                    0.8245816826820374,
                    3.3239951133728027
                ],
                [
                    0.9819836020469666,
                    0.10261518508195877,
                    -0.1586768478155136,
                    -0.6396468281745911
                ],
                [
                    -7.450580596923828e-09,
                    0.8397102952003479,
                    0.5430346131324768,
                    2.189042568206787
                ],
                [
                    0.0,
                    0.0,
                    0.0,
                    1.0
                ]
            ]
        },
        {
            "file_path": "./train/r_039",
            "rotation": 0.041887902047863905,
            "time": 0.26174496644295303,
            "transform_matrix": [
                [
                    0.9398180842399597,
                    -0.13023506104946136,
                    0.3158811032772064,
                    1.2733575105667114
                ],
                [
                    0.34167537093162537,
                    0.3582267761230469,
                    -0.8688679337501526,
                    -3.502518653869629
                ],
                [
                    0.0,
                    0.9245065450668335,
                    0.38116613030433655,
                    1.536529779434204
                ],
                [
                    0.0,
                    0.0,
                    0.0,
                    1.0
                ]
            ]
        },
        {
            "file_path": "./train/r_040",
            "rotation": 0.041887902047863905,
            "time": 0.2684563758389262,
            "transform_matrix": [
                [
                    -0.8944956064224243,
                    -0.35554757714271545,
                    0.2710415720939636,
                    1.0926035642623901
                ],
                [
                    0.4470767676830292,
                    -0.7113671898841858,
                    0.5422905087471008,
                    2.1860430240631104
                ],
                [
                    1.4901161193847656e-08,
                    0.6062527894973755,
                    0.7952718734741211,
                    3.205843448638916
                ],
                [
                    0.0,
                    0.0,
                    0.0,
                    1.0
                ]
            ]
        },
        {
            "file_path": "./train/r_041",
            "rotation": 0.041887902047863905,
            "time": 0.2751677852348993,
            "transform_matrix": [
                [
                    0.9338434934616089,
                    -0.2552213668823242,
                    0.2505958676338196,
                    1.0101842880249023
                ],
                [
                    0.3576817214488983,
                    0.6663376688957214,
                    -0.6542612910270691,
                    -2.637411594390869
                ],
                [
                    -1.4901160305669237e-08,
                    0.7006111741065979,
                    0.713543176651001,
                    2.8763844966888428
                ],
                [
                    0.0,
                    0.0,
                    0.0,
                    1.0
                ]
            ]
        },
        {
            "file_path": "./train/r_042",
            "rotation": 0.041887902047863905,
            "time": 0.28187919463087246,
            "transform_matrix": [
                [
                    0.35195526480674744,
                    -0.2875751554965973,
                    0.8907457590103149,
                    3.5907111167907715
                ],
                [
                    0.936016857624054,
                    0.10813223570585251,
                    -0.33493271470069885,
                    -1.3501569032669067
                ],
                [
                    0.0,
                    0.951634407043457,
                    0.30723288655281067,
                    1.2384953498840332
                ],
                [
                    0.0,
                    0.0,
                    0.0,
                    1.0
                ]
            ]
        },
        {
            "file_path": "./train/r_043",
            "rotation": 0.041887902047863905,
            "time": 0.28859060402684567,
            "transform_matrix": [
                [
                    0.9979457259178162,
                    0.027178451418876648,
                    -0.05801437050104141,
                    -0.23386341333389282
                ],
                [
