{
    "camera_angle_x": 0.6911112070083618,
    "frames": [
        {
            "file_path": "./train/r_000",
            "rotation": 0.06283185307179587,
            "time": 0.0,
            "transform_matrix": [
                [
                    0.7450533509254456,
                    -0.5747102499008179,
                    0.3385317325592041,
                    1.3646650314331055
                ],
                [
                    0.6670049428939819,
                    0.6419589519500732,
                    -0.37814441323280334,
                    -1.5243488550186157
                ],
                [
                    -1.4901161193847656e-08,
                    0.5075401067733765,
                    0.8616281747817993,
                    3.473334312438965
                ],
                [
                    0.0,
                    0.0,
                    0.0,
                    1.0
                ]
            ]
        },
        {
            "file_path": "./train/r_001",
            "rotation": 0.06283185307179587,
            "time": 0.010101010101010102,
            "transform_matrix": [
                [
                    0.23433947563171387,
                    0.5856982469558716,
                    -0.7759140729904175,
                    -3.1278092861175537
                ],
                [
                    -0.9721548557281494,
                    0.1411834955215454,
                    -0.18703532218933105,
                    -0.7539634108543396
                ],
                [
                    0.0,
                    0.7981382608413696,
                    0.6024743318557739,
                    2.4286513328552246
                ],
                [
                    0.0,
                    0.0,
                    0.0,
                    1.0
                ]
            ]
        },
        {
            "file_path": "./train/r_002",
            "rotation": 0.06283185307179587,
            "time": 0.020202020202020204,
            "transform_matrix": [
                [
                    -0.8187806606292725,
                    -0.2598835229873657,
                    0.5119168162345886,
                    2.0636026859283447
                ],
                [
                    0.5741064548492432,
                    -0.3706413209438324,
                    0.7300868034362793,
                    2.9430739879608154
                ],
                [
                    0.0,
                    0.8916756510734558,
                    0.4526747763156891,
                    1.824790358543396
                ],
                [
                    0.0,
                    0.0,
                    0.0,
                    1.0
                ]
            ]
        },
        {
            "file_path": "./train/r_003",
            "rotation": 0.06283185307179587,
            "time": 0.030303030303030304,
            "transform_matrix": [
                [
                    -0.6126638650894165,
                    -0.45203566551208496,
                    0.648310661315918,
                    2.613424062728882
                ],
                [
                    0.790343701839447,
                    -0.3504120409488678,
                    0.5025617480278015,
                    2.0258915424346924
                ],
                [
                    1.4901162970204496e-08,
                    0.820289671421051,
                    0.5719481706619263,
                    2.3055970668792725
                ],
                [
                    0.0,
                    0.0,
                    0.0,
                    1.0
                ]
            ]
        },
        {
            "file_path": "./train/r_004",
            "rotation": 0.06283185307179587,
            "time": 0.04040404040404041,
            "transform_matrix": [
                [
                    -0.1962650716304779,
                    -0.645164966583252,
                    0.738405168056488,
                    2.9766063690185547
                ],
                [
                    0.9805508852005005,
                    -0.1291349083185196,
                    0.14779767394065857,
                    0.5957914590835571
                ],
                [
                    7.450580596923828e-09,
                    0.753051221370697,
                    0.6579617857933044,
                    2.6523287296295166
                ],
                [
                    0.0,
                    0.0,
                    0.0,
                    1.0
                ]
            ]
        },
        {
            "file_path": "./train/r_005",
            "rotation": 0.06283185307179587,
            "time": 0.050505050505050504,
            "transform_matrix": [
                [
                    -0.9358517527580261,
                    -0.16393516957759857,
                    0.31194064021110535,
                    1.2574729919433594
                ],
                [
                    0.3523942530155182,
                    -0.4353618025779724,
                    0.8284192085266113,
                    3.3394646644592285
                ],
                [
                    0.0,
                    0.8852035403251648,
                    0.4652038812637329,
                    1.8752968311309814
                ],
                [
                    0.0,
                    0.0,
                    0.0,
                    1.0
                ]
            ]
        },
        {
            "file_path": "./train/r_006",
            "rotation": 0.06283185307179587,
            "time": 0.06060606060606061,
            "transform_matrix": [
                [
                    0.9923208951950073,
                    0.06380176544189453,
                    -0.10596571117639542,
                    -0.42716145515441895
                ],
                [
                    -0.12369074672460556,
                    0.5118557810783386,
                    -0.8501201272010803,
                    -3.426943778991699
                ],
                [
                    -3.725290742551124e-09,
                    0.8566988706588745,
                    0.515816867351532,
                    2.079324245452881
                ],
                [
                    0.0,
                    0.0,
                    0.0,
                    1.0
                ]
            ]
        },
        {
            "file_path": "./train/r_007",
            "rotation": 0.06283185307179587,
            "time": 0.0707070707070707,
            "transform_matrix": [
                [
                    0.9491599202156067,
                    -0.23488961160182953,
                    0.20957641303539276,
                    0.8448295593261719
                ],
                [
                    0.31479424238204956,
                    0.7082334160804749,
                    -0.6319096684455872,
                    -2.547309398651123
                ],
                [
                    -1.4901161193847656e-08,
                    0.6657568216323853,
                    0.7461687326431274,
                    3.0079023838043213
                ],
                [
                    0.0,
                    0.0,
                    0.0,
                    1.0
                ]
            ]
        },
        {
            "file_path": "./train/r_008",
            "rotation": 0.06283185307179587,
            "time": 0.08080808080808081,
            "transform_matrix": [
                [
                    0.13819053769111633,
                    -0.27208563685417175,
                    0.9522987008094788,
                    3.838838815689087
                ],
                [
                    0.9904057383537292,
                    0.03796389698982239,
                    -0.1328735053539276,
                    -0.5356302261352539
                ],
                [
                    3.725290298461914e-09,
                    0.9615239500999451,
                    0.2747213840484619,
                    1.1074373722076416
                ],
                [
                    0.0,
                    0.0,
                    0.0,
                    1.0
                ]
            ]
        },
        {
            "file_path": "./train/r_009",
            "rotation": 0.06283185307179587,
            "time": 0.09090909090909091,
            "transform_matrix": [
                [
                    -0.8797717094421387,
                    0.21470990777015686,
                    -0.4241477847099304,
                    -1.7097944021224976
                ],
                [
                    -0.4753963351249695,
                    -0.39734360575675964,
                    0.7849307656288147,
                    3.1641571521759033
                ],
                [
                    1.4901160305669237e-08,
                    0.8921982645988464,
                    0.4516439735889435,
                    1.8206350803375244
                ],
                [
                    0.0,
                    0.0,
                    0.0,
                    1.0
                ]
            ]
        },
        {
            "file_path": "./train/r_010",
            "rotation": 0.06283185307179587,
            "time": 0.10101010101010101,
            "transform_matrix": [
                [
                    0.23429755866527557,
                    -0.4574816823005676,
                    0.8577967882156372,
                    3.4578890800476074
                ],
                [
                    0.9721649289131165,
                    0.11025582998991013,
                    -0.20673416554927826,
                    -0.8333719372749329
                ],
                [
                    0.0,
                    0.8823570609092712,
                    0.4705803692340851,
                    1.8969699144363403
                ],
                [
                    0.0,
                    0.0,
                    0.0,
                    1.0
                ]
            ]
        },
        {
            "file_path": "./train/r_011",
            "rotation": 0.06283185307179587,
            "time": 0.1111111111111111,
            "transform_matrix": [
                [
                    -0.1551142781972885,
                    -0.2165728211402893,
                    0.9638649821281433,
                    3.8854639530181885
                ],
                [
                    0.9878965020179749,
                    -0.034005116671323776,
                    0.15134097635746002,
                    0.6100749969482422
                ],
                [
                    0.0,
                    0.975674033164978,
                    0.21922622621059418,
                    0.8837291598320007
                ],
                [
                    0.0,
                    0.0,
                    0.0,
                    1.0
                ]
            ]
        },
        {
            "file_path": "./train/r_012",
            "rotation": 0.06283185307179587,
            "time": 0.12121212121212122,
            "transform_matrix": [
                [
                    0.19963547587394714,
                    -0.8230118751525879,
                    0.5317867994308472,
                    2.1437010765075684
                ],
                [
                    0.9798703193664551,
                    0.16767767071723938,
                    -0.10834445059299469,
                    -0.4367504417896271
                ],
                [
                    0.0,
                    0.5427114367485046,
                    0.8399192094802856,
                    3.3858225345611572
                ],
                [
                    0.0,
                    0.0,
                    0.0,
                    1.0
                ]
            ]
        },
        {
            "file_path": "./train/r_013",
            "rotation": 0.06283185307179587,
            "time": 0.13131313131313133,
            "transform_matrix": [
                [
                    0.9125635027885437,
                    -0.07048482447862625,
                    0.40281495451927185,
                    1.6237988471984863
                ],
                [
                    0.40893518924713135,
                    0.15729114413261414,
                    -0.8989058136940002,
                    -3.6236047744750977
                ],
                [
                    -7.450580596923828e-09,
                    0.9850336313247681,
                    0.17236188054084778,
                    0.6948128938674927
                ],
                [
                    0.0,
                    0.0,
                    0.0,
                    1.0
                ]
            ]
        },
        {
            "file_path": "./train/r_014",
            "rotation": 0.06283185307179587,
            "time": 0.1414141414141414,
            "transform_matrix": [
                [
                    -0.9512323141098022,
                    -0.2226182520389557,
                    0.21353736519813538,
                    0.8607966303825378
                ],
                [
                    0.30847543478012085,
                    -0.6864782571792603,
                    0.658475935459137,
                    2.6544013023376465
                ],
                [
                    0.0,
                    0.6922346353530884,
                    0.721672534942627,
                    2.9091551303863525
                ],
                [
                    0.0,
                    0.0,
                    0.0,
                    1.0
                ]
            ]
        },
        {
            "file_path": "./train/r_015",
            "rotation": 0.06283185307179587,
            "time": 0.15151515151515152,
            "transform_matrix": [
                [
                    0.3124390244483948,
                    -0.884861171245575,
                    0.3455466330051422,
                    1.392943024635315
                ],
                [
                    0.9499377608299255,
                    0.2910350263118744,
                    -0.11365191638469696,
                    -0.45814552903175354
                ],
                [
                    0.0,
                    0.36375704407691956,
                    0.9314938187599182,
                    3.754971742630005
                ],
                [
                    0.0,
                    0.0,
                    0.0,
                    1.0
                ]
            ]
        },
        {
            "file_path": "./train/r_016",
            "rotation": 0.06283185307179587,
            "time": 0.16161616161616163,
            "transform_matrix": [
                [
                    -0.8592661619186401,
                    0.14301949739456177,
                    -0.4911283552646637,
                    -1.9798017740249634
                ],
                [
                    -0.511528730392456,
                    -0.24024420976638794,
                    0.82499760389328,
                    3.325671672821045
                ],
                [
                    -7.450580596923828e-09,
                    0.96011883020401,
                    0.27959227561950684,
                    1.1270725727081299
                ],
                [
                    0.0,
                    0.0,
                    0.0,
                    1.0
                ]
            ]
        },
        {
            "file_path": "./train/r_017",
            "rotation": 0.06283185307179587,
            "time": 0.1717171717171717,
            "transform_matrix": [
                [
                    -0.88627690076828,
                    -0.3334027826786041,
                    0.3214898407459259,
                    1.2959671020507812
                ],
                [
                    0.463155597448349,
                    -0.6379868388175964,
                    0.6151906847953796,
                    2.4799132347106934
                ],
                [
                    0.0,
                    0.694129228591919,
                    0.7198503017425537,
                    2.9018096923828125
                ],
                [
                    0.0,
                    0.0,
                    0.0,
                    1.0
                ]
            ]
        },
        {
            "file_path": "./train/r_018",
            "rotation": 0.06283185307179587,
            "time": 0.18181818181818182,
            "transform_matrix": [
                [
                    -0.3600103557109833,
                    -0.5842651724815369,
                    0.7273422479629517,
                    2.9320104122161865
                ],
                [
                    0.9329482913017273,
                    -0.22545892000198364,
                    0.280670166015625,
                    1.1314176321029663
                ],
                [
                    0.0,
                    0.7796169519424438,
                    0.6262567043304443,
                    2.524521589279175
                ],
                [
                    0.0,
                    0.0,
                    0.0,
                    1.0
                ]
            ]
        },
        {
            "file_path": "./train/r_019",
            "rotation": 0.06283185307179587,
            "time": 0.1919191919191919,
            "transform_matrix": [
                [
                    -0.37104085087776184,
                    0.7466810345649719,
                    -0.5520833730697632,
                    -2.2255194187164307
                ],
                [
                    -0.928616464138031,
                    -0.2983461618423462,
                    0.22059214115142822,
                    0.8892354369163513
                ],
                [
                    1.4901160305669237e-08,
                    0.5945224761962891,
                    0.8040788769721985,
                    3.2413458824157715
                ],
                [
                    0.0,
                    0.0,
                    0.0,
                    1.0
                ]
            ]
        },
        {
            "file_path": "./train/r_020",
            "rotation": 0.06283185307179587,
            "time": 0.20202020202020202,
            "transform_matrix": [
                [
                    0.023578528314828873,
                    0.17519032955169678,
                    -0.9842522144317627,
                    -3.9676475524902344
                ],
                [
                    -0.9997220039367676,
                    0.004131878726184368,
                    -0.023213671520352364,
                    -0.0935773029923439
                ],
                [
                    0.0,
                    0.9845258593559265,
                    0.17523904144763947,
                    0.7064111828804016
                ],
                [
                    0.0,
                    0.0,
                    0.0,
                    1.0
                ]
            ]
        },
        {
            "file_path": "./train/r_021",
            "rotation": 0.06283185307179587,
            "time": 0.21212121212121213,
            "transform_matrix": [
                [
                    -0.3538103997707367,
                    -0.4041122794151306,
                    0.8435114026069641,
                    3.4003031253814697
                ],
                [
                    0.9353171586990356,
                    -0.15286698937416077,
                    0.31908226013183594,
                    1.2862616777420044
                ],
                [
                    0.0,
                    0.9018452763557434,
                    0.43205907940864563,
                    1.7416858673095703
                ],
                [
                    0.0,
                    0.0,
                    0.0,
                    1.0
                ]
            ]
        },
        {
            "file_path": "./train/r_022",
            "rotation": 0.06283185307179587,
            "time": 0.2222222222222222,
            "transform_matrix": [
                [
                    -0.1635185033082962,
                    -0.35538163781166077,
                    0.9203073382377625,
                    3.7098774909973145
                ],
                [
                    0.9865402579307556,
                    -0.05890430882573128,
                    0.1525404304265976,
                    0.6149101257324219
                ],
                [
                    0.0,
                    0.9328634738922119,
                    0.3602302372455597,
                    1.4521344900131226
                ],
                [
                    0.0,
                    0.0,
                    0.0,
                    1.0
                ]
            ]
        },
        {
            "file_path": "./train/r_023",
            "rotation": 0.06283185307179587,
            "time": 0.23232323232323232,
            "transform_matrix": [
                [
                    -0.8969724178314209,
                    -0.3745984435081482,
                    0.23476843535900116,
                    0.9463818669319153
                ],
                [
                    0.44208621978759766,
                    -0.7600429058074951,
                    0.4763343036174774,
                    1.9201650619506836
                ],
                [
                    -1.4901161193847656e-08,
                    0.5310468077659607,
                    0.8473424315452576,
                    3.4157469272613525
                ],
                [
                    0.0,
                    0.0,
                    0.0,
                    1.0
                ]
            ]
        },
        {
            "file_path": "./train/r_024",
            "rotation": 0.06283185307179587,
            "time": 0.24242424242424243,
            "transform_matrix": [
                [
                    0.7781404852867126,
                    -0.6268799304962158,
                    0.038972821086645126,
                    0.1571044623851776
                ],
                [
                    0.6280901432037354,
                    0.7766411304473877,
                    -0.048283401876688004,
                    -0.19463661313056946
                ],
                [
                    0.0,
                    0.06204962730407715,
                    0.9980730414390564,
                    4.0233612060546875
                ],
                [
                    0.0,
                    0.0,
                    0.0,
                    1.0
                ]
            ]
        },
        {
            "file_path": "./train/r_025",
            "rotation": 0.06283185307179587,
            "time": 0.25252525252525254,
            "transform_matrix": [
                [
                    0.6127418875694275,
                    -0.2954466938972473,
                    0.7329792976379395,
                    2.9547340869903564
                ],
                [
                    0.790283203125,
                    0.22907304763793945,
                    -0.5683116316795349,
                    -2.2909374237060547
                ],
                [
                    0.0,
                    0.9274893403053284,
                    0.3738492429256439,
                    1.5070345401763916
                ],
                [
                    0.0,
                    0.0,
                    0.0,
                    1.0
                ]
            ]
        },
        {
            "file_path": "./train/r_026",
            "rotation": 0.06283185307179587,
            "time": 0.26262626262626265,
            "transform_matrix": [
                [
                    -0.042538754642009735,
                    0.4344868063926697,
                    -0.8996729850769043,
                    -3.6266980171203613
                ],
                [
                    -0.9990948438644409,
                    -0.01849927194416523,
                    0.03830564022064209,
                    0.15441499650478363
                ],
                [
                    0.0,
                    0.9004881381988525,
                    0.43488046526908875,
                    1.7530593872070312
                ],
                [
                    0.0,
                    0.0,
                    0.0,
                    1.0
                ]
            ]
        },
        {
            "file_path": "./train/r_027",
            "rotation": 0.06283185307179587,
            "time": 0.2727272727272727,
            "transform_matrix": [
                [
                    0.891139566898346,
                    0.24948035180568695,
                    -0.3789852261543274,
                    -1.527738332748413
                ],
                [
                    -0.4537292420864105,
                    0.489987850189209,
                    -0.7443397641181946,
                    -3.0005295276641846
                ],
                [
                    0.0,
                    0.8352673053741455,
                    0.5498440861701965,
                    2.2164924144744873
                ],
                [
                    0.0,
                    0.0,
                    0.0,
                    1.0
                ]
            ]
        },
        {
            "file_path": "./train/r_028",
            "rotation": 0.06283185307179587,
            "time": 0.2828282828282828,
            "transform_matrix": [
                [
                    -0.9494706988334656,
                    0.0848725289106369,
                    -0.3021623492240906,
                    -1.2180553674697876
                ],
                [
                    -0.31385573744773865,
                    -0.2567548155784607,
                    0.9140959978103638,
                    3.6848387718200684
                ],
                [
                    0.0,
                    0.9627426266670227,
                    0.2704189419746399,
                    1.0900936126708984
                ],
                [
                    0.0,
                    0.0,
                    0.0,
                    1.0
                ]
            ]
        },
        {
            "file_path": "./train/r_029",
            "rotation": 0.06283185307179587,
            "time": 0.29292929292929293,
            "transform_matrix": [
                [
                    0.5664337873458862,
                    0.3771362900733948,
                    -0.732748806476593,
                    -2.9538052082061768
                ],
                [
                    -0.8241072297096252,
                    0.25921717286109924,
                    -0.5036404132843018,
                    -2.0302395820617676
                ],
                [
                    0.0,
                    0.8891425728797913,
                    0.4576301872730255,
                    1.84476637840271
                ],
                [
                    0.0,
                    0.0,
                    0.0,
                    1.0
                ]
            ]
        },
        {
            "file_path": "./train/r_030",
            "rotation": 0.06283185307179587,
            "time": 0.30303030303030304,
            "transform_matrix": [
                [
                    0.9947229027748108,
                    -0.07209462672472,
                    0.07299891859292984,
                    0.29426804184913635
                ],
                [
                    0.10259862244129181,
                    0.6989779472351074,
                    -0.7077453136444092,
                    -2.8530125617980957
                ],
                [
                    0.0,
                    0.7115000486373901,
                    0.702686071395874,
                    2.832618236541748
                ],
                [
                    0.0,
                    0.0,
                    0.0,
                    1.0
                ]
            ]
        },
        {
            "file_path": "./train/r_031",
            "rotation": 0.06283185307179587,
            "time": 0.31313131313131315,
            "transform_matrix": [
                [
                    -0.6938790678977966,
                    0.6056039929389954,
                    -0.38958385586738586,
                    -1.5704625844955444
                ],
                [
                    -0.7200914621353149,
                    -0.5835590958595276,
                    0.37540242075920105,
                    1.5132954120635986
                ],
                [
                    0.0,
                    0.5410197973251343,
                    0.8410098552703857,
                    3.390218734741211
                ],
                [
                    0.0,
                    0.0,
                    0.0,
                    1.0
                ]
            ]
        },
        {
            "file_path": "./train/r_032",
            "rotation": 0.06283185307179587,
            "time": 0.32323232323232326,
            "transform_matrix": [
                [
                    -0.8134433627128601,
                    0.3056136965751648,
                    -0.49488407373428345,
                    -1.9949414730072021
                ],
                [
                    -0.5816442370414734,
                    -0.42740803956985474,
                    0.6921072006225586,
                    2.789973258972168
                ],
                [
                    0.0,
                    0.8508363962173462,
                    0.5254306793212891,
                    2.1180787086486816
                ],
                [
                    0.0,
                    0.0,
                    0.0,
                    1.0
                ]
            ]
        },
        {
            "file_path": "./train/r_033",
            "rotation": 0.06283185307179587,
            "time": 0.3333333333333333,
            "transform_matrix": [
                [
                    -0.9358336329460144,
                    0.1446470320224762,
                    -0.3213918209075928,
                    -1.2955719232559204
                ],
                [
                    -0.3524421453475952,
                    -0.3840787708759308,
                    0.8533861637115479,
                    3.4401097297668457
                ],
                [
                    0.0,
                    0.9118995666503906,
                    0.410413533449173,
                    1.6544299125671387
                ],
                [
                    0.0,
                    0.0,
                    0.0,
                    1.0
                ]
            ]
        },
        {
            "file_path": "./train/r_034",
            "rotation": 0.06283185307179587,
            "time": 0.3434343434343434,
            "transform_matrix": [
                [
                    0.14064037799835205,
                    0.3471418023109436,
                    -0.9272069334983826,
                    -3.7376909255981445
                ],
                [
                    -0.9900607466697693,
                    0.0493122898042202,
                    -0.13171185553073883,
                    -0.5309475064277649
                ],
                [
                    3.725290076417309e-09,
                    0.9365153312683105,
                    0.35062673687934875,
                    1.4134217500686646
                ],
                [
                    0.0,
                    0.0,
                    0.0,
                    1.0
                ]
            ]
        },
        {
            "file_path": "./train/r_035",
            "rotation": 0.06283185307179587,
            "time": 0.35353535353535354,
            "transform_matrix": [
                [
                    0.591740608215332,
                    -0.31435149908065796,
                    0.742311418056488,
                    2.9923529624938965
                ],
                [
                    0.8061284422874451,
                    0.23075050115585327,
                    -0.5448955297470093,
                    -2.1965441703796387
                ],
                [
                    0.0,
                    0.9208351373672485,
                    0.3899521231651306,
                    1.5719473361968994
                ],
                [
                    0.0,
                    0.0,
                    0.0,
                    1.0
                ]
            ]
        },
        {
            "file_path": "./train/r_036",
            "rotation": 0.06283185307179587,
            "time": 0.36363636363636365,
            "transform_matrix": [
                [
                    -0.6991776823997498,
                    -0.3779670298099518,
                    0.6068702340126038,
                    2.4463722705841064
                ],
                [
                    0.7149478793144226,
                    -0.3696298897266388,
                    0.5934839844703674,
                    2.3924105167388916
                ],
                [
                    0.0,
                    0.8488314151763916,
                    0.5286636352539062,
                    2.1311113834381104
                ],
                [
                    0.0,
                    0.0,
                    0.0,
                    1.0
                ]
            ]
        },
        {
            "file_path": "./train/r_037",
            "rotation": 0.06283185307179587,
            "time": 0.37373737373737376,
            "transform_matrix": [
                [
                    0.45530760288238525,
                    0.8836958408355713,
                    -0.10852039605379105,
                    -0.4374597370624542
                ],
                [
                    -0.8903341293334961,
                    0.45191285014152527,
                    -0.055496200919151306,
                    -0.22371235489845276
                ],
                [
                    0.0,
                    0.12188734859228134,
                    0.9925438165664673,
                    4.001072406768799
                ],
                [
                    0.0,
                    0.0,
                    0.0,
                    1.0
                ]
            ]
        },
        {
            "file_path": "./train/r_038",
            "rotation": 0.06283185307179587,
            "time": 0.3838383838383838,
            "transform_matrix": [
                [
                    0.29672086238861084,
                    0.8032577037811279,
                    -0.5164628624916077,
                    -2.0819284915924072
                ],
                [
                    -0.954964280128479,
                    0.24958351254463196,
                    -0.1604723036289215,
                    -0.646884560585022
                ],
                [
                    0.0,
                    0.5408190488815308,
                    0.8411388993263245,
                    3.3907394409179688
                ],
                [
                    0.0,
                    0.0,
                    0.0,
                    1.0
                ]
            ]
        },
        {
            "file_path": "./train/r_039",
            "rotation": 0.06283185307179587,
            "time": 0.3939393939393939,
            "transform_matrix": [
                [
                    0.6803228259086609,
                    0.6130474805831909,
                    -0.401663601398468,
                    -1.6191579103469849
                ],
                [
                    -0.732912540435791,
                    0.5690585970878601,
                    -0.372842401266098,
                    -1.5029759407043457
                ],
                [
                    2.9802320611338473e-08,
                    0.5480374693870544,
                    0.8364536166191101,
                    3.3718526363372803
                ],
                [
                    0.0,
                    0.0,
                    0.0,
                    1.0
                ]
            ]
        },
        {
            "file_path": "./train/r_040",
            "rotation": 0.06283185307179587,
            "time": 0.40404040404040403,
            "transform_matrix": [
                [
                    0.5438723564147949,
                    0.16721764206886292,
                    -0.8223389387130737,
                    -3.3149538040161133
                ],
                [
                    -0.8391679525375366,
                    0.10837527364492416,
                    -0.5329653024673462,
                    -2.148451566696167
                ],
                [
                    0.0,
                    0.9799454212188721,
                    0.19926607608795166,
                    0.8032671213150024
                ],
                [
                    0.0,
                    0.0,
                    0.0,
                    1.0
                ]
            ]
        },
        {
            "file_path": "./train/r_041",
            "rotation": 0.06283185307179587,
            "time": 0.41414141414141414,
            "transform_matrix": [
                [
                    -0.0802174061536789,
                    -0.9370772242546082,
                    0.3397813141345978,
                    1.3697023391723633
                ],
                [
                    0.9967774152755737,
                    -0.07541292160749435,
                    0.027344493195414543,
                    0.11022917926311493
                ],
                [
                    1.862645149230957e-09,
                    0.3408798575401306,
                    0.9401068687438965,
                    3.789691925048828
                ],
                [
                    0.0,
                    0.0,
                    0.0,
                    1.0
                ]
            ]
        },
        {
            "file_path": "./train/r_042",
            "rotation": 0.06283185307179587,
            "time": 0.42424242424242425,
            "transform_matrix": [
                [
                    -0.37422415614128113,
                    0.7266429662704468,
                    -0.576147735118866,
                    -2.3225257396698
                ],
                [
                    -0.9273383617401123,
                    -0.2932342290878296,
                    0.23250243067741394,
                    0.9372472763061523
                ],
                [
                    1.4901162970204496e-08,
                    0.6212918162345886,
                    0.7835792303085327,
                    3.1587088108062744
                ],
                [
                    0.0,
                    0.0,
                    0.0,
                    1.0
                ]
            ]
        },
        {
            "file_path": "./train/r_043",
            "rotation": 0.06283185307179587,
            "time": 0.43434343434343436,
            "transform_matrix": [
                [
                    0.9607128500938416,
                    0.2625238299369812,
                    -0.09006708115339279,
                    -0.363072007894516
                ],
                [
                    -0.2775442898273468,
                    0.9087198376655579,
                    -0.31176501512527466,
                    -1.2567650079727173
