{
    "camera_angle_x": 0.6911112070083618,
    "frames": [
        {
            "file_path": "./train/r_000",
            "rotation": 0.041887902047863905,
            "time": 0.0,
            "transform_matrix": [
                [
                    0.8865219950675964,
                    -0.30261921882629395,
                    0.3500004708766937,
                    1.4108970165252686
                ],
                [
                    0.4626864194869995,
                    0.579828143119812,
                    -0.670612096786499,
                    -2.7033238410949707
                ],
                [
                    -1.4901161193847656e-08,
                    0.756452739238739,
                    0.6540482640266418,
                    2.6365528106689453
                ],
                [
                    0.0,
                    0.0,
                    0.0,
                    1.0
                ]
            ]
        },
        {
            "file_path": "./train/r_001",
            "rotation": 0.041887902047863905,
            "time": 0.006711409395973154,
            "transform_matrix": [
                [
                    0.08187796920537949,
                    -0.6423871517181396,
                    0.7619938850402832,
                    3.0716958045959473
                ],
                [
                    0.9966422915458679,
                    0.05277455598115921,
                    -0.06260070204734802,
                    -0.2523515224456787
                ],
                [
                    0.0,
                    0.7645610570907593,
                    0.6445512771606445,
                    2.598269462585449
                ],
                [
                    0.0,
                    0.0,
                    0.0,
                    1.0
                ]
            ]
        },
        {
            "file_path": "./train/r_002",
            "rotation": 0.041887902047863905,
            "time": 0.013422818791946308,
            "transform_matrix": [
                [
                    0.13696320354938507,
                    0.448047012090683,
                    -0.8834562301635742,
                    -3.561326026916504
                ],
                [
                    -0.9905761480331421,
                    0.06194976344704628,
                    -0.12215214222669601,
                    -0.4924110472202301
                ],
                [
                    3.725290298461914e-09,
                    0.8918610215187073,
                    0.4523095190525055,
                    1.8233180046081543
                ],
                [
                    0.0,
                    0.0,
                    0.0,
                    1.0
                ]
            ]
        },
        {
            "file_path": "./train/r_003",
            "rotation": 0.041887902047863905,
            "time": 0.020134228187919462,
            "transform_matrix": [
                [
                    0.9962987303733826,
                    -0.07842379063367844,
                    0.03519323468208313,
                    0.1418684720993042
                ],
                [
                    0.08595845103263855,
                    0.9089685082435608,
                    -0.40790608525276184,
                    -1.6443220376968384
                ],
                [
                    0.0,
                    0.40942153334617615,
                    0.9123453497886658,
                    3.677781820297241
                ],
                [
                    0.0,
                    0.0,
                    0.0,
                    1.0
                ]
            ]
        },
        {
            "file_path": "./train/r_004",
            "rotation": 0.041887902047863905,
            "time": 0.026845637583892617,
            "transform_matrix": [
                [
                    -0.9949278235435486,
                    -0.07487126439809799,
                    0.0671774223446846,
                    0.2708008587360382
                ],
                [
                    0.10059081763029099,
                    -0.7405397891998291,
                    0.6644412279129028,
                    2.67844820022583
                ],
                [
                    -3.725290076417309e-09,
                    0.6678285002708435,
                    0.7443151473999023,
                    3.0004303455352783
                ],
                [
                    0.0,
                    0.0,
                    0.0,
                    1.0
                ]
            ]
        },
        {
            "file_path": "./train/r_005",
            "rotation": 0.041887902047863905,
            "time": 0.03355704697986577,
            "transform_matrix": [
                [
                    -0.5814111828804016,
                    0.16410472989082336,
                    -0.7968881130218506,
                    -3.2123587131500244
                ],
                [
                    -0.8136098384857178,
                    -0.11727035790681839,
                    0.5694617033004761,
                    2.2955734729766846
                ],
                [
                    7.450580152834618e-09,
                    0.9794474244117737,
                    0.20169954001903534,
                    0.8130768537521362
                ],
                [
                    0.0,
                    0.0,
                    0.0,
                    1.0
                ]
            ]
        },
        {
            "file_path": "./train/r_006",
            "rotation": 0.041887902047863905,
            "time": 0.040268456375838924,
            "transform_matrix": [
                [
                    0.8756197690963745,
                    -0.21895238757133484,
                    0.4305226802825928,
                    1.735492467880249
                ],
                [
                    0.4830009639263153,
                    0.39693304896354675,
                    -0.7804833054542542,
                    -3.146228790283203
                ],
                [
                    0.0,
                    0.8913496136665344,
                    0.4533165991306305,
                    1.8273776769638062
                ],
                [
                    0.0,
                    0.0,
                    0.0,
                    1.0
                ]
            ]
        },
        {
            "file_path": "./train/r_007",
            "rotation": 0.041887902047863905,
            "time": 0.04697986577181208,
            "transform_matrix": [
                [
                    0.9821502566337585,
                    0.05135519802570343,
                    -0.1809515357017517,
                    -0.7294389605522156
                ],
                [
                    -0.18809787929058075,
                    0.2681503891944885,
                    -0.9448357224464417,
                    -3.8087546825408936
                ],
                [
                    0.0,
                    0.9620073437690735,
                    0.273023784160614,
                    1.1005940437316895
                ],
                [
                    0.0,
                    0.0,
                    0.0,
                    1.0
                ]
            ]
        },
        {
            "file_path": "./train/r_008",
            "rotation": 0.041887902047863905,
            "time": 0.053691275167785234,
            "transform_matrix": [
                [
                    -0.8860512971878052,
                    -0.08574759215116501,
                    0.45558786392211914,
                    1.8365334272384644
                ],
                [
                    0.4635869860649109,
                    -0.16388893127441406,
                    0.8707626461982727,
                    3.5101563930511475
                ],
                [
                    7.4505792646561986e-09,
                    0.9827450513839722,
                    0.18496547639369965,
                    0.7456197142601013
                ],
                [
                    0.0,
                    0.0,
                    0.0,
                    1.0
                ]
            ]
        },
        {
            "file_path": "./train/r_009",
            "rotation": 0.041887902047863905,
            "time": 0.06040268456375839,
            "transform_matrix": [
                [
                    0.28481149673461914,
                    -0.5105348229408264,
                    0.8113177418708801,
                    3.27052640914917
                ],
                [
                    0.9585834741592407,
                    0.1516885906457901,
                    -0.24105633795261383,
                    -0.9717291593551636
                ],
                [
                    1.4901161193847656e-08,
                    0.8463714122772217,
                    0.5325929522514343,
                    2.1469509601593018
                ],
                [
                    0.0,
                    0.0,
                    0.0,
                    1.0
                ]
            ]
        },
        {
            "file_path": "./train/r_010",
            "rotation": 0.041887902047863905,
            "time": 0.06711409395973154,
            "transform_matrix": [
                [
                    -0.5191479325294495,
                    -0.18983517587184906,
                    0.8333355188369751,
                    3.359282970428467
                ],
                [
                    0.8546844720840454,
                    -0.11530867964029312,
                    0.5061802268028259,
                    2.040477752685547
                ],
                [
                    0.0,
                    0.9750213623046875,
                    0.22211141884326935,
                    0.8953597545623779
                ],
                [
                    0.0,
                    0.0,
                    0.0,
                    1.0
                ]
            ]
        },
        {
            "file_path": "./train/r_011",
            "rotation": 0.041887902047863905,
            "time": 0.0738255033557047,
            "transform_matrix": [
                [
                    0.345392644405365,
                    0.47655633091926575,
                    -0.8084540367126465,
                    -3.2589824199676514
                ],
                [
                    -0.9384583234786987,
                    0.1753930151462555,
                    -0.29754552245140076,
                    -1.1994444131851196
                ],
                [
                    -1.4901162970204496e-08,
                    0.8614703416824341,
                    0.507807731628418,
                    2.0470385551452637
                ],
                [
                    0.0,
                    0.0,
                    0.0,
                    1.0
                ]
            ]
        },
        {
            "file_path": "./train/r_012",
            "rotation": 0.041887902047863905,
            "time": 0.08053691275167785,
            "transform_matrix": [
                [
                    -0.8316159844398499,
                    -0.47501838207244873,
                    0.28770169615745544,
                    1.1597626209259033
                ],
                [
                    0.5553509593009949,
                    -0.7113210558891296,
                    0.43082183599472046,
                    1.7366983890533447
                ],
                [
                    -1.4901161193847656e-08,
                    0.5180535912513733,
                    0.8553479909896851,
                    3.4480180740356445
                ],
                [
                    0.0,
                    0.0,
                    0.0,
                    1.0
                ]
            ]
        },
        {
            "file_path": "./train/r_013",
            "rotation": 0.041887902047863905,
            "time": 0.087248322147651,
            "transform_matrix": [
                [
                    -0.19284571707248688,
                    0.7740287780761719,
                    -0.6030672192573547,
                    -2.431041717529297
                ],
                [
                    -0.9812291264533997,
                    -0.15212363004684448,
                    0.11852371692657471,
                    0.4777843952178955
                ],
                [
                    -7.450580596923828e-09,
                    0.6146038770675659,
                    0.7888358235359192,
                    3.179898977279663
                ],
                [
                    0.0,
                    0.0,
                    0.0,
                    1.0
                ]
            ]
        },
        {
            "file_path": "./train/r_014",
            "rotation": 0.041887902047863905,
            "time": 0.09395973154362416,
            "transform_matrix": [
                [
                    -0.6778572797775269,
                    0.3277667462825775,
                    -0.6580869555473328,
                    -2.6528334617614746
                ],
                [
                    -0.7351934909820557,
                    -0.3022048771381378,
                    0.6067641377449036,
                    2.4459445476531982
                ],
                [
                    2.9802322387695312e-08,
                    0.8951207399368286,
                    0.4458237290382385,
                    1.7971729040145874
                ],
                [
                    0.0,
                    0.0,
                    0.0,
                    1.0
                ]
            ]
        },
        {
            "file_path": "./train/r_015",
            "rotation": 0.041887902047863905,
            "time": 0.10067114093959731,
            "transform_matrix": [
                [
                    -0.7364575862884521,
                    -0.24296367168426514,
                    0.6313468813896179,
                    2.5450406074523926
                ],
                [
                    0.676483690738678,
                    -0.26450371742248535,
                    0.6873191595077515,
                    2.770672082901001
                ],
                [
                    1.4901161193847656e-08,
                    0.9332771897315979,
                    0.3591567277908325,
                    1.4478070735931396
                ],
                [
                    0.0,
                    0.0,
                    0.0,
                    1.0
                ]
            ]
        },
        {
            "file_path": "./train/r_016",
            "rotation": 0.041887902047863905,
            "time": 0.10738255033557047,
            "transform_matrix": [
                [
                    -0.9991357326507568,
                    -0.02723458968102932,
                    0.03140160068869591,
                    0.12658390402793884
                ],
                [
                    0.04156661406159401,
                    -0.6546372175216675,
                    0.7547995448112488,
                    3.042694330215454
                ],
                [
                    0.0,
                    0.7554524540901184,
                    0.6552034616470337,
                    2.641209602355957
                ],
                [
                    0.0,
                    0.0,
                    0.0,
                    1.0
                ]
            ]
        },
        {
            "file_path": "./train/r_017",
            "rotation": 0.041887902047863905,
            "time": 0.11409395973154363,
            "transform_matrix": [
                [
                    0.8245465755462646,
                    0.3953661024570465,
                    -0.40473276376724243,
                    -1.6315299272537231
                ],
                [
                    -0.5657941102981567,
                    0.5761774182319641,
                    -0.5898276567459106,
                    -2.377671241760254
                ],
                [
                    1.4901161193847656e-08,
                    0.7153357863426208,
                    0.6987808346748352,
                    2.816875696182251
                ],
                [
                    0.0,
                    0.0,
                    0.0,
                    1.0
                ]
            ]
        },
        {
            "file_path": "./train/r_018",
            "rotation": 0.041887902047863905,
            "time": 0.12080536912751678,
            "transform_matrix": [
                [
                    -0.9000242352485657,
                    0.3959106206893921,
                    -0.18223896622657776,
                    -0.7346287965774536
                ],
                [
                    -0.4358396828174591,
                    -0.8175693154335022,
                    0.37632983922958374,
                    1.5170340538024902
                ],
                [
                    0.0,
                    0.418133020401001,
                    0.9083858132362366,
                    3.661820411682129
                ],
                [
                    0.0,
                    0.0,
                    0.0,
                    1.0
                ]
            ]
        },
        {
            "file_path": "./train/r_019",
            "rotation": 0.041887902047863905,
            "time": 0.12751677852348994,
            "transform_matrix": [
                [
                    0.6416256427764893,
                    0.4553448259830475,
                    -0.6172337532043457,
                    -2.4881489276885986
                ],
                [
                    -0.7670178413391113,
                    0.38090500235557556,
                    -0.5163282752037048,
                    -2.081385850906372
                ],
                [
                    1.4901160305669237e-08,
                    0.8047188520431519,
                    0.593656063079834,
                    2.393104076385498
                ],
                [
                    0.0,
                    0.0,
                    0.0,
                    1.0
                ]
            ]
        },
        {
            "file_path": "./train/r_020",
            "rotation": 0.041887902047863905,
            "time": 0.1342281879194631,
            "transform_matrix": [
                [
                    -0.12495482712984085,
                    -0.6496483087539673,
                    0.7498955130577087,
                    3.022925615310669
                ],
                [
                    0.9921624064445496,
                    -0.08181794732809067,
                    0.09444326907396317,
                    0.38071298599243164
                ],
                [
                    3.725290298461914e-09,
                    0.7558193206787109,
                    0.6547802090644836,
                    2.6395034790039062
                ],
                [
                    0.0,
                    0.0,
                    0.0,
                    1.0
                ]
            ]
        },
        {
            "file_path": "./train/r_021",
            "rotation": 0.041887902047863905,
            "time": 0.14093959731543623,
            "transform_matrix": [
                [
                    -0.8101587891578674,
                    0.5738193988800049,
                    -0.11989112943410873,
                    -0.48329660296440125
                ],
                [
                    -0.5862104296684265,
                    -0.7930341362953186,
                    0.16569283604621887,
                    0.6679291725158691
                ],
                [
                    0.0,
                    0.204519122838974,
                    0.9788626432418823,
                    3.9459214210510254
                ],
                [
                    0.0,
                    0.0,
                    0.0,
                    1.0
                ]
            ]
        },
        {
            "file_path": "./train/r_022",
            "rotation": 0.041887902047863905,
            "time": 0.1476510067114094,
            "transform_matrix": [
                [
                    -0.9978967308998108,
                    -0.032646261155605316,
                    0.056003034114837646,
                    0.22575543820858002
                ],
                [
                    0.06482373923063278,
                    -0.502556562423706,
                    0.8621106743812561,
                    3.4752790927886963
                ],
                [
                    1.8626450382086546e-09,
                    0.8639277219772339,
                    0.5036157369613647,
                    2.030139923095703
                ],
                [
                    0.0,
                    0.0,
                    0.0,
                    1.0
                ]
            ]
        },
        {
            "file_path": "./train/r_023",
            "rotation": 0.041887902047863905,
            "time": 0.15436241610738255,
            "transform_matrix": [
                [
                    0.721346378326416,
                    0.44624587893486023,
                    -0.5296451449394226,
                    -2.135067939758301
                ],
                [
                    -0.6925745010375977,
                    0.4647844433784485,
                    -0.5516483783721924,
                    -2.2237658500671387
                ],
                [
                    0.0,
                    0.764748215675354,
                    0.6443291306495667,
                    2.5973737239837646
                ],
                [
                    0.0,
                    0.0,
                    0.0,
                    1.0
                ]
            ]
        },
        {
            "file_path": "./train/r_024",
            "rotation": 0.041887902047863905,
            "time": 0.1610738255033557,
            "transform_matrix": [
                [
                    0.09166085720062256,
                    -0.8851542472839355,
                    0.4561800956726074,
                    1.8389208316802979
                ],
                [
                    0.9957903027534485,
                    0.08147699385881424,
                    -0.04199063032865524,
                    -0.1692696511745453
                ],
                [
                    3.725290298461914e-09,
                    0.4581085741519928,
                    0.8888962268829346,
                    3.5832552909851074
                ],
                [
                    0.0,
                    0.0,
                    0.0,
                    1.0
                ]
            ]
        },
        {
            "file_path": "./train/r_025",
            "rotation": 0.041887902047863905,
            "time": 0.16778523489932887,
            "transform_matrix": [
                [
                    0.8715572357177734,
                    0.3106044828891754,
                    -0.3793584704399109,
                    -1.5292428731918335
                ],
                [
                    -0.49029380083084106,
                    0.5521374940872192,
                    -0.6743561625480652,
                    -2.718416690826416
                ],
                [
                    -1.4901161193847656e-08,
                    0.7737370133399963,
                    0.6335068941116333,
                    2.5537478923797607
                ],
                [
                    0.0,
                    0.0,
                    0.0,
                    1.0
                ]
            ]
        },
        {
            "file_path": "./train/r_026",
            "rotation": 0.041887902047863905,
            "time": 0.174496644295302,
            "transform_matrix": [
                [
                    -0.8278714418411255,
                    -0.42974236607551575,
                    0.36048623919487,
                    1.4531664848327637
                ],
                [
                    0.5609177947044373,
                    -0.6342665553092957,
                    0.532049834728241,
                    2.144761562347412
                ],
                [
                    1.4901160305669237e-08,
                    0.642672061920166,
                    0.7661413550376892,
                    3.0884146690368652
                ],
                [
                    0.0,
                    0.0,
                    0.0,
                    1.0
                ]
            ]
        },
        {
            "file_path": "./train/r_027",
            "rotation": 0.041887902047863905,
            "time": 0.18120805369127516,
            "transform_matrix": [
                [
                    -0.528427243232727,
                    -0.8216572403907776,
                    0.21364453434944153,
                    0.8612286448478699
                ],
                [
                    0.8489786386489868,
                    -0.5114216208457947,
                    0.13297812640666962,
                    0.5360519886016846
                ],
                [
                    -7.450580596923828e-09,
                    0.2516487240791321,
                    0.9678186178207397,
                    3.9014015197753906
                ],
                [
                    0.0,
                    0.0,
                    0.0,
                    1.0
                ]
            ]
        },
        {
            "file_path": "./train/r_028",
            "rotation": 0.041887902047863905,
            "time": 0.18791946308724833,
            "transform_matrix": [
                [
                    0.952126145362854,
                    -0.2991478741168976,
                    0.06297952681779861,
                    0.2538785934448242
                ],
                [
                    0.3057055175304413,
                    0.931702196598053,
                    -0.1961510330438614,
                    -0.7907100915908813
                ],
                [
                    0.0,
                    0.20601379871368408,
                    0.978549063205719,
                    3.944657564163208
                ],
                [
                    0.0,
                    0.0,
                    0.0,
                    1.0
                ]
            ]
        },
        {
            "file_path": "./train/r_029",
            "rotation": 0.041887902047863905,
            "time": 0.19463087248322147,
            "transform_matrix": [
                [
                    -0.062405068427324295,
                    -0.9503750801086426,
                    0.3047831952571869,
                    1.2286204099655151
                ],
                [
                    0.9980508685112,
                    -0.05942404642701149,
                    0.01905716210603714,
                    0.07682187855243683
                ],
                [
                    0.0,
                    0.305378258228302,
                    0.9522311091423035,
                    3.838566303253174
                ],
                [
                    0.0,
                    0.0,
                    0.0,
                    1.0
                ]
            ]
        },
        {
            "file_path": "./train/r_030",
            "rotation": 0.041887902047863905,
            "time": 0.20134228187919462,
            "transform_matrix": [
                [
                    0.015307228080928326,
                    0.41267621517181396,
                    -0.910749077796936,
                    -3.671347141265869
                ],
                [
                    -0.9998827576637268,
                    0.0063176704570651054,
                    -0.013942679390311241,
                    -0.056204743683338165
                ],
                [
                    4.656612040410124e-10,
                    0.9108559489250183,
                    0.4127245247364044,
                    1.6637458801269531
                ],
                [
                    0.0,
                    0.0,
                    0.0,
                    1.0
                ]
            ]
        },
        {
            "file_path": "./train/r_031",
            "rotation": 0.041887902047863905,
            "time": 0.2080536912751678,
            "transform_matrix": [
                [
                    0.13736166059970856,
                    -0.3823975920677185,
                    0.9137306809425354,
                    3.683366298675537
                ],
                [
                    0.9905209541320801,
                    0.05302944406867027,
                    -0.12671269476413727,
                    -0.5107952356338501
                ],
                [
                    0.0,
                    0.9224748611450195,
                    0.386057049036026,
                    1.5562456846237183
                ],
                [
                    0.0,
                    0.0,
                    0.0,
                    1.0
                ]
            ]
        },
        {
            "file_path": "./train/r_032",
            "rotation": 0.041887902047863905,
            "time": 0.21476510067114093,
            "transform_matrix": [
                [
                    -0.5083198547363281,
                    0.8153373003005981,
                    -0.27719318866729736,
                    -1.1174015998840332
                ],
                [
                    -0.8611683249473572,
                    -0.4812673032283783,
                    0.16361819207668304,
                    0.6595661044120789
                ],
                [
                    0.0,
                    0.32188042998313904,
                    0.946780264377594,
                    3.816593647003174
                ],
                [
                    0.0,
                    0.0,
                    0.0,
                    1.0
                ]
            ]
        },
        {
            "file_path": "./train/r_033",
            "rotation": 0.041887902047863905,
            "time": 0.2214765100671141,
            "transform_matrix": [
                [
                    0.16528652608394623,
                    -0.9856598973274231,
                    0.033984456211328506,
                    0.13699570298194885
                ],
                [
                    0.9862456321716309,
                    0.16518837213516235,
                    -0.005695511121302843,
                    -0.022959336638450623
                ],
                [
                    0.0,
                    0.03445673733949661,
                    0.9994061589241028,
                    4.0287346839904785
                ],
                [
                    0.0,
                    0.0,
                    0.0,
                    1.0
                ]
            ]
        },
        {
            "file_path": "./train/r_034",
            "rotation": 0.041887902047863905,
            "time": 0.22818791946308725,
            "transform_matrix": [
                [
                    -0.6352558732032776,
                    0.41013020277023315,
                    -0.6544029116630554,
                    -2.6379826068878174
                ],
                [
                    -0.7723016738891602,
                    -0.33735212683677673,
                    0.538278341293335,
                    2.1698694229125977
                ],
                [
                    -1.4901160305669237e-08,
                    0.8473410606384277,
                    0.5310491323471069,
                    2.1407275199890137
                ],
                [
                    0.0,
                    0.0,
                    0.0,
                    1.0
                ]
            ]
        },
        {
            "file_path": "./train/r_035",
            "rotation": 0.041887902047863905,
            "time": 0.2348993288590604,
            "transform_matrix": [
                [
                    0.35054489970207214,
                    -0.7093207240104675,
                    0.6115409731864929,
                    2.465200185775757
                ],
                [
                    0.9365459084510803,
                    0.26549553871154785,
                    -0.22889703512191772,
                    -0.9227133393287659
                ],
                [
                    1.4901160305669237e-08,
                    0.6529749631881714,
                    0.7573796510696411,
                    3.0530946254730225
                ],
                [
                    0.0,
                    0.0,
                    0.0,
                    1.0
                ]
            ]
        },
        {
            "file_path": "./train/r_036",
            "rotation": 0.041887902047863905,
            "time": 0.24161073825503357,
            "transform_matrix": [
                [
                    -0.4091581404209137,
                    -0.37935858964920044,
                    0.8298654556274414,
                    3.345294713973999
                ],
                [
                    0.9124635457992554,
                    -0.17010831832885742,
                    0.37212029099464417,
                    1.5000648498535156
                ],
                [
                    -1.4901162970204496e-08,
                    0.909477949142456,
                    0.41575202345848083,
                    1.675950050354004
                ],
                [
                    0.0,
                    0.0,
                    0.0,
                    1.0
                ]
            ]
        },
        {
            "file_path": "./train/r_037",
            "rotation": 0.041887902047863905,
            "time": 0.2483221476510067,
            "transform_matrix": [
                [
                    0.9890223145484924,
                    0.1377529501914978,
                    -0.053469620645046234,
                    -0.21554294228553772
                ],
                [
                    -0.14776629209518433,
                    0.9220014810562134,
                    -0.3578803241252899,
                    -1.4426617622375488
                ],
                [
                    0.0,
                    0.36185264587402344,
                    0.9322353005409241,
                    3.757960796356201
                ],
                [
                    0.0,
                    0.0,
                    0.0,
                    1.0
                ]
            ]
        },
        {
            "file_path": "./train/r_038",
            "rotation": 0.041887902047863905,
            "time": 0.2550335570469799,
            "transform_matrix": [
                [
                    0.8395557999610901,
                    0.41637659072875977,
                    -0.3489648997783661,
                    -1.4067225456237793
                ],
                [
                    -0.5432733297348022,
                    0.6434539556503296,
                    -0.5392782688140869,
                    -2.1739001274108887
                ],
                [
                    0.0,
                    0.6423375606536865,
                    0.7664218544960022,
                    3.089545249938965
                ],
                [
                    0.0,
                    0.0,
                    0.0,
                    1.0
                ]
            ]
        },
        {
            "file_path": "./train/r_039",
            "rotation": 0.041887902047863905,
            "time": 0.26174496644295303,
            "transform_matrix": [
                [
                    0.3614153265953064,
                    0.8057202696800232,
                    -0.4692480266094208,
                    -1.891599416732788
                ],
                [
                    -0.9324049353599548,
                    0.31231027841567993,
                    -0.1818881630897522,
                    -0.7332146763801575
                ],
                [
                    0.0,
                    0.5032663941383362,
                    0.8641312718391418,
                    3.4834249019622803
                ],
                [
                    0.0,
                    0.0,
                    0.0,
                    1.0
                ]
            ]
        },
        {
            "file_path": "./train/r_040",
            "rotation": 0.041887902047863905,
            "time": 0.2684563758389262,
            "transform_matrix": [
                [
                    0.014158413745462894,
                    0.6226546168327332,
                    -0.782368540763855,
                    -3.1538286209106445
                ],
                [
                    -0.999899685382843,
                    0.008816685527563095,
                    -0.011078208684921265,
                    -0.044657692313194275
                ],
                [
                    0.0,
                    0.7824469804763794,
                    0.622717022895813,
                    2.5102529525756836
                ],
                [
                    0.0,
                    0.0,
                    0.0,
                    1.0
                ]
            ]
        },
        {
            "file_path": "./train/r_041",
            "rotation": 0.041887902047863905,
            "time": 0.2751677852348993,
            "transform_matrix": [
                [
                    0.9539197087287903,
                    0.29255959391593933,
                    -0.06667932868003845,
                    -0.2687929570674896
                ],
                [
                    -0.30006206035614014,
                    0.9300686717033386,
                    -0.21197852492332458,
                    -0.8545127511024475
                ],
                [
                    3.725290298461914e-09,
                    0.2222183495759964,
                    0.9749968647956848,
                    3.930338144302368
                ],
                [
                    0.0,
                    0.0,
                    0.0,
                    1.0
                ]
            ]
        },
        {
            "file_path": "./train/r_042",
            "rotation": 0.041887902047863905,
            "time": 0.28187919463087246,
            "transform_matrix": [
                [
                    -0.7734467387199402,
                    0.4486275315284729,
                    -0.4477872848510742,
                    -1.8050882816314697
                ],
                [
                    -0.6338613033294678,
                    -0.5474217534065247,
                    0.5463965535163879,
                    2.2025949954986572
                ],
                [
                    2.9802322387695312e-08,
                    0.7064436078071594,
                    0.7077692747116089,
                    2.853109121322632
                ],
                [
                    0.0,
                    0.0,
                    0.0,
                    1.0
                ]
            ]
        },
        {
            "file_path": "./train/r_043",
            "rotation": 0.041887902047863905,
            "time": 0.28859060402684567,
            "transform_matrix": [
                [
                    0.9578790664672852,
                    0.2542482912540436,
