{
    "camera_angle_x": 0.6911112070083618,
    "frames": [
        {
            "file_path": "./train/r_000",
            "rotation": 0.06283185307179587,
            "time": 0.0,
            "transform_matrix": [
                [
                    0.8387539386749268,
                    -0.36466163396835327,
                    -0.40436822175979614,
                    -1.6300604343414307
                ],
                [
                    -0.5445106029510498,
                    -0.5617179870605469,
                    -0.6228812336921692,
                    -2.5109145641326904
                ],
                [
                    -2.9802322387695312e-08,
                    0.7426268458366394,
                    -0.6697053909301758,
                    -2.6996688842773438
                ],
                [
                    0.0,
                    0.0,
                    0.0,
                    1.0
                ]
            ]
        },
        {
            "file_path": "./train/r_001",
            "rotation": 0.06283185307179587,
            "time": 0.01,
            "transform_matrix": [
                [
                    0.767703652381897,
                    -0.6397618651390076,
                    -0.03655025735497475,
                    -0.14733877778053284
                ],
                [
                    -0.6408051252365112,
                    -0.766453742980957,
                    -0.04378829896450043,
                    -0.17651626467704773
                ],
                [
                    1.862645149230957e-09,
                    0.05703810229897499,
                    -0.9983720779418945,
                    -4.024566173553467
                ],
                [
                    0.0,
                    0.0,
                    0.0,
                    1.0
                ]
            ]
        },
        {
            "file_path": "./train/r_002",
            "rotation": 0.06283185307179587,
            "time": 0.02,
            "transform_matrix": [
                [
                    0.8013179898262024,
                    0.37804675102233887,
                    -0.46364879608154297,
                    -1.869028091430664
                ],
                [
                    -0.5982387661933899,
                    0.5063791871070862,
                    -0.621039867401123,
                    -2.5034918785095215
                ],
                [
                    0.0,
                    0.7750230431556702,
                    0.6319328546524048,
                    2.547402858734131
                ],
                [
                    0.0,
                    0.0,
                    0.0,
                    1.0
                ]
            ]
        },
        {
            "file_path": "./train/r_003",
            "rotation": 0.06283185307179587,
            "time": 0.03,
            "transform_matrix": [
                [
                    0.15103021264076233,
                    -0.8726743459701538,
                    0.4643591344356537,
                    1.8718914985656738
                ],
                [
                    0.9885291457176208,
                    0.1333295851945877,
                    -0.07094607502222061,
                    -0.2859927713871002
                ],
                [
                    7.450580596923828e-09,
                    0.4697474539279938,
                    0.882800817489624,
                    3.5586838722229004
                ],
                [
                    0.0,
                    0.0,
                    0.0,
                    1.0
                ]
            ]
        },
        {
            "file_path": "./train/r_004",
            "rotation": 0.06283185307179587,
            "time": 0.04,
            "transform_matrix": [
                [
                    -0.3589382469654083,
                    0.6885378360748291,
                    -0.6301419734954834,
                    -2.5401835441589355
                ],
                [
                    -0.9333612322807312,
                    -0.2647877037525177,
                    0.24233068525791168,
                    0.9768662452697754
                ],
                [
                    0.0,
                    0.6751319169998169,
                    0.7376970052719116,
                    2.9737517833709717
                ],
                [
                    0.0,
                    0.0,
                    0.0,
                    1.0
                ]
            ]
        },
        {
            "file_path": "./train/r_005",
            "rotation": 0.06283185307179587,
            "time": 0.05,
            "transform_matrix": [
                [
                    -0.4703231453895569,
                    -0.8593325018882751,
                    -0.20085805654525757,
                    -0.8096847534179688
                ],
                [
                    -0.8824942708015442,
                    0.4579791724681854,
                    0.10704681277275085,
                    0.4315195083618164
                ],
                [
                    7.4505797087454084e-09,
                    0.2276024967432022,
                    -0.9737541079521179,
                    -3.925328254699707
                ],
                [
                    0.0,
                    0.0,
                    0.0,
                    1.0
                ]
            ]
        },
        {
            "file_path": "./train/r_006",
            "rotation": 0.06283185307179587,
            "time": 0.06,
            "transform_matrix": [
                [
                    -0.435985803604126,
                    -0.5279736518859863,
                    0.7288073301315308,
                    2.9379162788391113
                ],
                [
                    0.8999535441398621,
                    -0.25577878952026367,
                    0.353073388338089,
                    1.4232844114303589
                ],
                [
                    1.4901161193847656e-08,
                    0.8098276853561401,
                    0.5866677165031433,
                    2.3649332523345947
                ],
                [
                    0.0,
                    0.0,
                    0.0,
                    1.0
                ]
            ]
        },
        {
            "file_path": "./train/r_007",
            "rotation": 0.06283185307179587,
            "time": 0.07,
            "transform_matrix": [
                [
                    0.9314845204353333,
                    -0.3228023648262024,
                    0.16773514449596405,
                    0.6761620044708252
                ],
                [
                    0.36378076672554016,
                    0.8265566229820251,
                    -0.4294968247413635,
                    -1.7313570976257324
                ],
                [
                    0.0,
                    0.46108847856521606,
                    0.8873541355133057,
                    3.5770390033721924
                ],
                [
                    0.0,
                    0.0,
                    0.0,
                    1.0
                ]
            ]
        },
        {
            "file_path": "./train/r_008",
            "rotation": 0.06283185307179587,
            "time": 0.08,
            "transform_matrix": [
                [
                    -0.6217855215072632,
                    0.2340727597475052,
                    0.747390627861023,
                    3.0128278732299805
                ],
                [
                    0.7831875681877136,
                    0.18583421409130096,
                    0.5933657288551331,
                    2.3919336795806885
                ],
                [
                    1.4901161193847656e-08,
                    0.9542931914329529,
                    -0.2988719344139099,
                    -1.2047913074493408
                ],
                [
                    0.0,
                    0.0,
                    0.0,
                    1.0
                ]
            ]
        },
        {
            "file_path": "./train/r_009",
            "rotation": 0.06283185307179587,
            "time": 0.09,
            "transform_matrix": [
                [
                    0.9507730603218079,
                    0.03234657645225525,
                    0.30819523334503174,
                    1.2423745393753052
                ],
                [
                    0.3098880350589752,
                    -0.09924311190843582,
                    -0.9455793499946594,
                    -3.8117518424987793
                ],
                [
                    0.0,
                    0.994537353515625,
                    -0.1043815016746521,
                    -0.42077523469924927
                ],
                [
                    0.0,
                    0.0,
                    0.0,
                    1.0
                ]
            ]
        },
        {
            "file_path": "./train/r_010",
            "rotation": 0.06283185307179587,
            "time": 0.1,
            "transform_matrix": [
                [
                    0.6058220863342285,
                    -0.6998518705368042,
                    -0.378400593996048,
                    -1.5253815650939941
                ],
                [
                    -0.795600175857544,
                    -0.5329130291938782,
                    -0.2881389856338501,
                    -1.1615253686904907
                ],
                [
                    0.0,
                    0.4756164848804474,
                    -0.879652738571167,
                    -3.5459935665130615
                ],
                [
                    0.0,
                    0.0,
                    0.0,
                    1.0
                ]
            ]
        },
        {
            "file_path": "./train/r_011",
            "rotation": 0.06283185307179587,
            "time": 0.11,
            "transform_matrix": [
                [
                    0.16229945421218872,
                    0.8875303864479065,
                    0.4312175214290619,
                    1.7382934093475342
                ],
                [
                    0.9867414832115173,
                    -0.14598119258880615,
                    -0.07092675566673279,
                    -0.28591489791870117
                ],
                [
                    0.0,
                    0.43701162934303284,
                    -0.8994558453559875,
                    -3.6258225440979004
                ],
                [
                    0.0,
                    0.0,
                    0.0,
                    1.0
                ]
            ]
        },
        {
            "file_path": "./train/r_012",
            "rotation": 0.06283185307179587,
            "time": 0.12,
            "transform_matrix": [
                [
                    -0.6308589577674866,
                    -0.20375245809555054,
                    -0.7486667037010193,
                    -3.017971992492676
                ],
                [
                    -0.7758975028991699,
                    0.16566501557826996,
                    0.6087184548377991,
                    2.453822612762451
                ],
                [
                    0.0,
                    0.9649041295051575,
                    -0.2626022696495056,
                    -1.0585836172103882
                ],
                [
                    0.0,
                    0.0,
                    0.0,
                    1.0
                ]
            ]
        },
        {
            "file_path": "./train/r_013",
            "rotation": 0.06283185307179587,
            "time": 0.13,
            "transform_matrix": [
                [
                    -0.05317451059818268,
                    0.3734559416770935,
                    -0.9261226654052734,
                    -3.7333197593688965
                ],
                [
                    -0.9985851645469666,
                    -0.019886471331119537,
                    0.04931589215993881,
                    0.19879871606826782
                ],
                [
                    1.8626450382086546e-09,
                    0.9274346828460693,
                    0.37398508191108704,
                    1.5075820684432983
                ],
                [
                    0.0,
                    0.0,
                    0.0,
                    1.0
                ]
            ]
        },
        {
            "file_path": "./train/r_014",
            "rotation": 0.06283185307179587,
            "time": 0.14,
            "transform_matrix": [
                [
                    -0.7707917094230652,
                    -0.0027948336210101843,
                    -0.6370811462402344,
                    -2.5681562423706055
                ],
                [
                    -0.6370872855186462,
                    0.003381380345672369,
                    0.7707842588424683,
                    3.107130765914917
                ],
                [
                    0.0,
                    0.9999903440475464,
                    -0.004386893007904291,
                    -0.017684131860733032
                ],
                [
                    0.0,
                    0.0,
                    0.0,
                    1.0
                ]
            ]
        },
        {
            "file_path": "./train/r_015",
            "rotation": 0.06283185307179587,
            "time": 0.15,
            "transform_matrix": [
                [
                    -0.6275818943977356,
                    -0.47744855284690857,
                    0.6149664521217346,
                    2.4790091514587402
                ],
                [
                    0.7785505652427673,
                    -0.3848665654659271,
                    0.49571841955184937,
                    1.998304843902588
                ],
                [
                    -1.4901161193847656e-08,
                    0.7898862361907959,
                    0.6132531762123108,
                    2.472102642059326
                ],
                [
                    0.0,
                    0.0,
                    0.0,
                    1.0
                ]
            ]
        },
        {
            "file_path": "./train/r_016",
            "rotation": 0.06283185307179587,
            "time": 0.16,
            "transform_matrix": [
                [
                    0.4193119704723358,
                    -0.21726974844932556,
                    -0.8814597725868225,
                    -3.5532779693603516
                ],
                [
                    -0.907842218875885,
                    -0.10035202652215958,
                    -0.4071265161037445,
                    -1.6411794424057007
                ],
                [
                    0.0,
                    0.9709393382072449,
                    -0.23932547867298126,
                    -0.9647518396377563
                ],
                [
                    0.0,
                    0.0,
                    0.0,
                    1.0
                ]
            ]
        },
        {
            "file_path": "./train/r_017",
            "rotation": 0.06283185307179587,
            "time": 0.17,
            "transform_matrix": [
                [
                    0.9698017835617065,
                    -0.23791678249835968,
                    0.053666915744543076,
                    0.21633826196193695
                ],
                [
                    0.24389450252056122,
                    0.9460324645042419,
                    -0.21339665353298187,
                    -0.8602294325828552
                ],
                [
                    0.0,
                    0.22004158794879913,
                    0.9754905104637146,
                    3.93232798576355
                ],
                [
                    0.0,
                    0.0,
                    0.0,
                    1.0
                ]
            ]
        },
        {
            "file_path": "./train/r_018",
            "rotation": 0.06283185307179587,
            "time": 0.18,
            "transform_matrix": [
                [
                    0.9366561770439148,
                    0.3171103894710541,
                    0.148715078830719,
                    0.5994896292686462
                ],
                [
                    0.35025015473365784,
                    -0.8480321764945984,
                    -0.3977011740207672,
                    -1.603184700012207
                ],
                [
                    0.0,
                    0.42459675669670105,
                    -0.9053825736045837,
                    -3.6497139930725098
                ],
                [
                    0.0,
                    0.0,
                    0.0,
                    1.0
                ]
            ]
        },
        {
            "file_path": "./train/r_019",
            "rotation": 0.06283185307179587,
            "time": 0.19,
            "transform_matrix": [
                [
                    -0.7743579745292664,
                    -0.41285184025764465,
                    -0.4795030355453491,
                    -1.932938575744629
                ],
                [
                    -0.6327477693557739,
                    0.5052487850189209,
                    0.586816668510437,
                    2.3655335903167725
                ],
                [
                    0.0,
                    0.7578105330467224,
                    -0.6524745225906372,
                    -2.630208969116211
                ],
                [
                    0.0,
                    0.0,
                    0.0,
                    1.0
                ]
            ]
        },
        {
            "file_path": "./train/r_020",
            "rotation": 0.06283185307179587,
            "time": 0.2,
            "transform_matrix": [
                [
                    0.41183003783226013,
                    0.8943898677825928,
                    0.17453572154045105,
                    0.7035759687423706
                ],
                [
                    0.911260724067688,
                    -0.4042055010795593,
                    -0.07887868583202362,
                    -0.3179701566696167
                ],
                [
                    0.0,
                    0.1915321797132492,
                    -0.9814863204956055,
                    -3.95649790763855
                ],
                [
                    0.0,
                    0.0,
                    0.0,
                    1.0
                ]
            ]
        },
        {
            "file_path": "./train/r_021",
            "rotation": 0.06283185307179587,
            "time": 0.21,
            "transform_matrix": [
                [
                    -0.47104930877685547,
                    0.292285293340683,
                    -0.8322751522064209,
                    -3.355008125305176
                ],
                [
                    -0.8821068406105042,
                    -0.15608175098896027,
                    0.4444389343261719,
                    1.7915904521942139
                ],
                [
                    0.0,
                    0.9435081481933594,
                    0.33134910464286804,
                    1.3357107639312744
                ],
                [
                    0.0,
                    0.0,
                    0.0,
                    1.0
                ]
            ]
        },
        {
            "file_path": "./train/r_022",
            "rotation": 0.06283185307179587,
            "time": 0.22,
            "transform_matrix": [
                [
                    0.27640876173973083,
                    -0.20808131992816925,
                    -0.9382432103157043,
                    -3.782179355621338
                ],
                [
                    -0.9610401391983032,
                    -0.059847142547369,
                    -0.26985207200050354,
                    -1.0878084897994995
                ],
                [
                    0.0,
                    0.9762789011001587,
                    -0.21651677787303925,
                    -0.8728070259094238
                ],
                [
                    0.0,
                    0.0,
                    0.0,
                    1.0
                ]
            ]
        },
        {
            "file_path": "./train/r_023",
            "rotation": 0.06283185307179587,
            "time": 0.23,
            "transform_matrix": [
                [
                    0.9542356133460999,
                    0.2957594394683838,
                    -0.0442807599902153,
                    -0.1785014569759369
                ],
                [
                    -0.29905587434768677,
                    0.9437171816825867,
                    -0.14129222929477692,
                    -0.5695672035217285
                ],
                [
                    3.725290298461914e-09,
                    0.14806833863258362,
                    0.9889770746231079,
                    3.986694097518921
                ],
                [
                    0.0,
                    0.0,
                    0.0,
                    1.0
                ]
            ]
        },
        {
            "file_path": "./train/r_024",
            "rotation": 0.06283185307179587,
            "time": 0.24,
            "transform_matrix": [
                [
                    -0.7719303965568542,
                    0.05109848082065582,
                    0.633650004863739,
                    2.5543251037597656
                ],
                [
                    0.6357070207595825,
                    0.06204818934202194,
                    0.769432544708252,
                    3.10168194770813
                ],
                [
                    0.0,
                    0.9967642426490784,
                    -0.08038054406642914,
                    -0.32402437925338745
                ],
                [
                    0.0,
                    0.0,
                    0.0,
                    1.0
                ]
            ]
        },
        {
            "file_path": "./train/r_025",
            "rotation": 0.06283185307179587,
            "time": 0.25,
            "transform_matrix": [
                [
                    0.9800753593444824,
                    0.0891742929816246,
                    -0.17748302221298218,
                    -0.7154569625854492
                ],
                [
                    -0.19862598180770874,
                    0.44001054763793945,
                    -0.8757501840591431,
                    -3.530261993408203
                ],
                [
                    0.0,
                    0.8935539126396179,
                    0.44895583391189575,
                    1.8097988367080688
                ],
                [
                    0.0,
                    0.0,
                    0.0,
                    1.0
                ]
            ]
        },
        {
            "file_path": "./train/r_026",
            "rotation": 0.06283185307179587,
            "time": 0.26,
            "transform_matrix": [
                [
                    0.9893181324005127,
                    -0.10907495021820068,
                    -0.09670756012201309,
                    -0.38984063267707825
                ],
                [
                    -0.1457727551460266,
                    -0.7402606010437012,
                    -0.6563265919685364,
                    -2.6457371711730957
                ],
                [
                    -7.450580596923828e-09,
                    0.6634131073951721,
                    -0.748253345489502,
                    -3.016305685043335
                ],
                [
                    0.0,
                    0.0,
                    0.0,
                    1.0
                ]
            ]
        },
        {
            "file_path": "./train/r_027",
            "rotation": 0.06283185307179587,
            "time": 0.27,
            "transform_matrix": [
                [
                    0.1644543558359146,
                    0.7091308236122131,
                    0.6856297850608826,
                    2.763862133026123
                ],
                [
                    0.9863846302032471,
                    -0.11822940409183502,
                    -0.11431120336055756,
                    -0.46080321073532104
                ],
                [
                    7.450580152834618e-09,
                    0.6950937509536743,
                    -0.7189190983772278,
                    -2.8980555534362793
                ],
                [
                    0.0,
                    0.0,
                    0.0,
                    1.0
                ]
            ]
        },
        {
            "file_path": "./train/r_028",
            "rotation": 0.06283185307179587,
            "time": 0.28,
            "transform_matrix": [
                [
                    -0.8436313271522522,
                    -0.4777568578720093,
                    0.24501921236515045,
                    0.9877039194107056
                ],
                [
                    0.5369226932525635,
                    -0.750667929649353,
                    0.3849825859069824,
                    1.5519142150878906
                ],
                [
                    -1.4901158529312397e-08,
                    0.4563397765159607,
                    0.8898056745529175,
                    3.586920976638794
                ],
                [
                    0.0,
                    0.0,
                    0.0,
                    1.0
                ]
            ]
        },
        {
            "file_path": "./train/r_029",
            "rotation": 0.06283185307179587,
            "time": 0.29,
            "transform_matrix": [
                [
                    -0.33951321244239807,
                    0.17770496010780334,
                    0.9236621260643005,
                    3.7234010696411133
                ],
                [
                    0.9406013488769531,
                    0.06414320319890976,
                    0.3333989679813385,
                    1.343974232673645
                ],
                [
                    3.725290298461914e-09,
                    0.981991171836853,
                    -0.18892697989940643,
                    -0.761588990688324
                ],
                [
                    0.0,
                    0.0,
                    0.0,
                    1.0
                ]
            ]
        },
        {
            "file_path": "./train/r_030",
            "rotation": 0.06283185307179587,
            "time": 0.3,
            "transform_matrix": [
                [
                    -0.9972431063652039,
                    0.045039232820272446,
                    -0.058971915394067764,
                    -0.23772341012954712
                ],
                [
                    -0.07420390844345093,
                    -0.6052924394607544,
                    0.7925369143486023,
                    3.1948187351226807
                ],
                [
                    0.0,
                    0.7947279214859009,
                    0.6069657206535339,
                    2.4467573165893555
                ],
                [
                    0.0,
                    0.0,
                    0.0,
                    1.0
                ]
            ]
        },
        {
            "file_path": "./train/r_031",
            "rotation": 0.06283185307179587,
            "time": 0.31,
            "transform_matrix": [
                [
                    -0.4555337429046631,
                    0.881149172782898,
                    -0.12674854695796967,
                    -0.5109397172927856
                ],
                [
                    -0.8902185559272766,
                    -0.450892835855484,
                    0.06485849618911743,
                    0.26145297288894653
                ],
                [
                    0.0,
                    0.1423792690038681,
                    0.9898121953010559,
                    3.990060567855835
                ],
                [
                    0.0,
                    0.0,
                    0.0,
                    1.0
                ]
            ]
        },
        {
            "file_path": "./train/r_032",
            "rotation": 0.06283185307179587,
            "time": 0.32,
            "transform_matrix": [
                [
                    0.9823324680328369,
                    0.05821661651134491,
                    -0.17785871028900146,
                    -0.7169713973999023
                ],
                [
                    -0.18714405596256256,
                    0.3055831491947174,
                    -0.9335930347442627,
                    -3.7634339332580566
                ],
                [
                    -3.725290298461914e-09,
                    0.9503840208053589,
                    0.31107914447784424,
                    1.254000186920166
                ],
                [
                    0.0,
                    0.0,
                    0.0,
                    1.0
                ]
            ]
        },
        {
            "file_path": "./train/r_033",
            "rotation": 0.06283185307179587,
            "time": 0.33,
            "transform_matrix": [
                [
                    -0.7883360385894775,
                    -0.06536420434713364,
                    0.6117630004882812,
                    2.466095209121704
                ],
                [
                    0.61524498462677,
                    -0.0837535634636879,
                    0.7838744521141052,
                    3.159898519515991
                ],
                [
                    3.725290298461914e-09,
                    0.9943404197692871,
                    0.10624095797538757,
                    0.42827093601226807
                ],
                [
                    0.0,
                    0.0,
                    0.0,
                    1.0
                ]
            ]
        },
        {
            "file_path": "./train/r_034",
            "rotation": 0.06283185307179587,
            "time": 0.34,
            "transform_matrix": [
                [
                    0.9211797714233398,
                    0.021073762327432632,
                    0.3885663151741028,
                    1.5663607120513916
                ],
                [
                    0.38913729786872864,
                    -0.049886565655469894,
                    -0.9198280572891235,
                    -3.7079451084136963
                ],
                [
                    0.0,
                    0.9985326528549194,
                    -0.05415508523583412,
                    -0.21830609440803528
                ],
                [
                    0.0,
                    0.0,
                    0.0,
                    1.0
                ]
            ]
        },
        {
            "file_path": "./train/r_035",
            "rotation": 0.06283185307179587,
            "time": 0.35,
            "transform_matrix": [
                [
                    0.8666408658027649,
                    0.22919559478759766,
                    0.44317352771759033,
                    1.7864896059036255
                ],
                [
                    0.4989321827888489,
                    -0.3981107473373413,
                    -0.7697885632514954,
                    -3.103116989135742
                ],
                [
                    0.0,
                    0.8882439136505127,
                    -0.4593721628189087,
                    -1.8517884016036987
                ],
                [
                    0.0,
                    0.0,
                    0.0,
                    1.0
                ]
            ]
        },
        {
            "file_path": "./train/r_036",
            "rotation": 0.06283185307179587,
            "time": 0.36,
            "transform_matrix": [
                [
                    0.6770920157432556,
                    -0.03544534370303154,
                    0.7350443601608276,
                    2.9630582332611084
                ],
                [
                    0.7358984351158142,
                    0.032612867653369904,
                    -0.6763061881065369,
                    -2.7262771129608154
                ],
                [
                    1.8626449271863521e-09,
                    0.9988393783569336,
                    0.04816608503460884,
                    0.19416368007659912
                ],
                [
                    0.0,
                    0.0,
                    0.0,
                    1.0
                ]
            ]
        },
        {
            "file_path": "./train/r_037",
            "rotation": 0.06283185307179587,
            "time": 0.37,
            "transform_matrix": [
                [
                    -0.9424759745597839,
                    0.3339768052101135,
                    -0.014088569208979607,
                    -0.056792840361595154
                ],
                [
                    -0.3342737853527069,
                    -0.9416385889053345,
                    0.039722342044115067,
                    0.16012588143348694
                ],
                [
                    0.0,
                    0.04214644804596901,
                    0.9991114139556885,
                    4.0275468826293945
                ],
                [
                    0.0,
                    0.0,
                    0.0,
                    1.0
                ]
            ]
        },
        {
            "file_path": "./train/r_038",
            "rotation": 0.06283185307179587,
            "time": 0.38,
            "transform_matrix": [
                [
                    -0.24070553481578827,
                    0.804212212562561,
                    0.5434184670448303,
                    2.1905901432037354
                ],
                [
                    0.9705982208251953,
                    0.1994422972202301,
                    0.13476620614528656,
                    0.5432600378990173
                ],
                [
                    0.0,
                    0.5598800182342529,
                    -0.8285736441612244,
                    -3.340087413787842
                ],
                [
                    0.0,
                    0.0,
                    0.0,
                    1.0
                ]
            ]
        },
        {
            "file_path": "./train/r_039",
            "rotation": 0.06283185307179587,
            "time": 0.39,
            "transform_matrix": [
                [
                    -0.3804251253604889,
                    0.05056605488061905,
                    -0.9234282374382019,
                    -3.722458600997925
                ],
                [
                    -0.9248117804527283,
                    -0.020800555124878883,
                    0.3798559904098511,
                    1.5312485694885254
                ],
                [
                    0.0,
                    0.9985040426254272,
                    0.05467713251709938,
                    0.22041058540344238
                ],
                [
                    0.0,
                    0.0,
                    0.0,
                    1.0
                ]
            ]
        },
        {
            "file_path": "./train/r_040",
            "rotation": 0.06283185307179587,
            "time": 0.4,
            "transform_matrix": [
                [
                    0.995361328125,
                    -0.004339098464697599,
                    0.09610859304666519,
                    0.38742613792419434
                ],
                [
                    0.09620648622512817,
                    0.04489272087812424,
                    -0.9943485260009766,
                    -4.008347034454346
                ],
                [
                    0.0,
                    0.9989823698997498,
                    0.04510192945599556,
                    0.18181169033050537
                ],
                [
                    0.0,
                    0.0,
                    0.0,
                    1.0
                ]
            ]
        },
        {
            "file_path": "./train/r_041",
            "rotation": 0.06283185307179587,
            "time": 0.41,
            "transform_matrix": [
                [
                    0.87933349609375,
                    0.46754273772239685,
                    -0.09042400866746902,
                    -0.36451083421707153
                ],
                [
                    -0.47620657086372375,
                    0.863335371017456,
                    -0.166971355676651,
                    -0.6730830669403076
                ],
                [
                    0.0,
                    0.18988394737243652,
                    0.9818065166473389,
                    3.9577887058258057
                ],
                [
                    0.0,
                    0.0,
                    0.0,
                    1.0
                ]
            ]
        },
        {
            "file_path": "./train/r_042",
            "rotation": 0.06283185307179587,
            "time": 0.42,
            "transform_matrix": [
                [
                    0.5113804340362549,
                    0.8175097107887268,
                    0.2648920714855194,
                    1.0678141117095947
                ],
                [
                    0.8593543767929077,
                    -0.486479789018631,
                    -0.15763071179389954,
                    -0.6354297399520874
                ],
                [
                    1.4901161193847656e-08,
                    0.30824533104896545,
                    -0.9513068199157715,
                    -3.8348405361175537
                ],
                [
                    0.0,
                    0.0,
                    0.0,
                    1.0
                ]
            ]
        },
        {
            "file_path": "./train/r_043",
            "rotation": 0.06283185307179587,
            "time": 0.43,
            "transform_matrix": [
                [
                    -0.8240246176719666,
                    0.2697570025920868,
                    0.49821147322654724,
                    2.008354663848877
                ],
                [
                    0.566554069519043,
                    0.3923480808734894,
                    0.7246236801147461,
                    2.921051502227783
                ],
                [
                    0.0,
                    0.8793714642524719,
                    -0.47613638639450073,
                    -1.9193671941757202
                ],
                [
                    0.0,
                    0.0,
                    0.0,
                    1.0
                ]
            ]
        },
        {
            "file_path": "./train/r_044",
            "rotation": 0.06283185307179587,
            "time": 0.44,
            "transform_matrix": [
