{
    "camera_angle_x": 0.6911112070083618,
    "frames": [
        {
            "file_path": "./train/r_0",
            "rotation": 0.12566370614359174,
            "time": 0.0,
            "transform_matrix": [
                [
                    -0.06029761955142021,
                    -0.6830717325210571,
                    0.7278578877449036,
                    2.934088945388794
                ],
                [
                    0.9981804490089417,
                    -0.0412626750767231,
                    0.04396809637546539,
                    0.17724107205867767
                ],
                [
                    0.0,
                    0.7291845679283142,
                    0.6843169927597046,
                    2.7585699558258057
                ],
                [
                    0.0,
                    0.0,
                    0.0,
                    1.0
                ]
            ]
        },
        {
            "file_path": "./train/r_1",
            "rotation": 0.12566370614359174,
            "time": 0.020202020202020204,
            "transform_matrix": [
                [
                    0.40335917472839355,
                    -0.6805809736251831,
                    0.6116460561752319,
                    2.4656240940093994
                ],
                [
                    0.9150418043136597,
                    0.30000659823417664,
                    -0.2696194350719452,
                    -1.0868706703186035
                ],
                [
                    0.0,
                    0.6684350371360779,
                    0.7437704205513,
                    2.998234272003174
                ],
                [
                    0.0,
                    0.0,
                    0.0,
                    1.0
                ]
            ]
        },
        {
            "file_path": "./train/r_2",
            "rotation": 0.12566370614359174,
            "time": 0.04040404040404041,
            "transform_matrix": [
                [
                    0.9498140811920166,
                    0.1713954210281372,
                    -0.26168033480644226,
                    -1.054867148399353
                ],
                [
                    -0.3128145933151245,
                    0.520416259765625,
                    -0.7945526838302612,
                    -3.202944278717041
                ],
                [
                    0.0,
                    0.8365347981452942,
                    0.5479137897491455,
                    2.2087111473083496
                ],
                [
                    0.0,
                    0.0,
                    0.0,
                    1.0
                ]
            ]
        },
        {
            "file_path": "./train/r_3",
            "rotation": 0.12566370614359174,
            "time": 0.06060606060606061,
            "transform_matrix": [
                [
                    -0.5589629411697388,
                    0.6003601551055908,
                    -0.5719510316848755,
                    -2.3056085109710693
                ],
                [
                    -0.8291925191879272,
                    -0.4047059118747711,
                    0.3855551481246948,
                    1.554222583770752
                ],
                [
                    -1.4901160305669237e-08,
                    0.6897686123847961,
                    0.7240297794342041,
                    2.9186575412750244
                ],
                [
                    0.0,
                    0.0,
                    0.0,
                    1.0
                ]
            ]
        },
        {
            "file_path": "./train/r_4",
            "rotation": 0.12566370614359174,
            "time": 0.08080808080808081,
            "transform_matrix": [
                [
                    0.532782256603241,
                    -0.48887234926223755,
                    0.6907581686973572,
                    2.7845351696014404
                ],
                [
                    0.84625244140625,
                    0.30778345465660095,
                    -0.4348864257335663,
                    -1.7530832290649414
                ],
                [
                    0.0,
                    0.816255509853363,
                    0.5776910185813904,
                    2.328747034072876
                ],
                [
                    0.0,
                    0.0,
                    0.0,
                    1.0
                ]
            ]
        },
        {
            "file_path": "./train/r_5",
            "rotation": 0.12566370614359174,
            "time": 0.10101010101010101,
            "transform_matrix": [
                [
                    -0.9888061285018921,
                    0.03011808916926384,
                    -0.14613433182239532,
                    -0.5890863537788391
                ],
                [
                    -0.14920569956302643,
                    -0.1995966136455536,
                    0.968451738357544,
                    3.903953790664673
                ],
                [
                    -1.862645149230957e-09,
                    0.9794151186943054,
                    0.20185615122318268,
                    0.8137081861495972
                ],
                [
                    0.0,
                    0.0,
                    0.0,
                    1.0
                ]
            ]
        },
        {
            "file_path": "./train/r_6",
            "rotation": 0.12566370614359174,
            "time": 0.12121212121212122,
            "transform_matrix": [
                [
                    0.8380147218704224,
                    -0.5187746286392212,
                    0.16912758350372314,
                    0.6817750930786133
                ],
                [
                    0.5456475019454956,
                    0.7967427968978882,
                    -0.25974899530410767,
                    -1.047081708908081
                ],
                [
                    0.0,
                    0.3099575340747833,
                    0.9507503509521484,
                    3.832597255706787
                ],
                [
                    0.0,
                    0.0,
                    0.0,
                    1.0
                ]
            ]
        },
        {
            "file_path": "./train/r_7",
            "rotation": 0.12566370614359174,
            "time": 0.1414141414141414,
            "transform_matrix": [
                [
                    0.7509344816207886,
                    0.13867956399917603,
                    -0.6456511616706848,
                    -2.6027028560638428
                ],
                [
                    -0.6603766679763794,
                    0.15769678354263306,
                    -0.7341896295547485,
                    -2.9596128463745117
                ],
                [
                    1.4901160305669237e-08,
                    0.9777012467384338,
                    0.21000072360038757,
                    0.8465398550033569
                ],
                [
                    0.0,
                    0.0,
                    0.0,
                    1.0
                ]
            ]
        },
        {
            "file_path": "./train/r_8",
            "rotation": 0.12566370614359174,
            "time": 0.16161616161616163,
            "transform_matrix": [
                [
                    -0.9048213362693787,
                    -0.3407025933265686,
                    0.25538215041160583,
                    1.0294784307479858
                ],
                [
                    0.42579132318496704,
                    -0.7240048050880432,
                    0.5426958799362183,
                    2.1876771450042725
                ],
                [
                    0.0,
                    0.5997822880744934,
                    0.800163209438324,
                    3.2255611419677734
                ],
                [
                    0.0,
                    0.0,
                    0.0,
                    1.0
                ]
            ]
        },
        {
            "file_path": "./train/r_9",
            "rotation": 0.12566370614359174,
            "time": 0.18181818181818182,
            "transform_matrix": [
                [
                    0.9869949817657471,
                    -0.12447872757911682,
                    0.10171560198068619,
                    0.41002869606018066
                ],
                [
                    0.16075141727924347,
                    0.7642848491668701,
                    -0.6245219707489014,
                    -2.517528533935547
                ],
                [
                    7.450580596923828e-09,
                    0.6327509880065918,
                    0.7743553519248962,
                    3.1215262413024902
                ],
                [
                    0.0,
                    0.0,
                    0.0,
                    1.0
                ]
            ]
        },
        {
            "file_path": "./train/r_10",
            "rotation": 0.12566370614359174,
            "time": 0.20202020202020202,
            "transform_matrix": [
                [
                    0.0552363358438015,
                    -0.9744675159454346,
                    0.21762782335281372,
                    0.8772858381271362
                ],
                [
                    0.9984732866287231,
                    0.053908318281173706,
                    -0.012039344757795334,
                    -0.0485321506857872
                ],
                [
                    9.313225746154785e-10,
                    0.21796053647994995,
                    0.9759575724601746,
                    3.934210777282715
                ],
                [
                    0.0,
                    0.0,
                    0.0,
                    1.0
                ]
            ]
        },
        {
            "file_path": "./train/r_11",
            "rotation": 0.12566370614359174,
            "time": 0.2222222222222222,
            "transform_matrix": [
                [
                    -0.6230484247207642,
                    -0.24851004779338837,
                    0.741655707359314,
                    2.9897098541259766
                ],
                [
                    0.7821831703186035,
                    -0.1979508399963379,
                    0.5907663702964783,
                    2.381455421447754
                ],
                [
                    0.0,
                    0.9481866955757141,
                    0.3177133798599243,
                    1.2807435989379883
                ],
                [
                    0.0,
                    0.0,
                    0.0,
                    1.0
                ]
            ]
        },
        {
            "file_path": "./train/r_12",
            "rotation": 0.12566370614359174,
            "time": 0.24242424242424243,
            "transform_matrix": [
                [
                    0.7713221907615662,
                    0.5298662781715393,
                    -0.3525673747062683,
                    -1.421244502067566
                ],
                [
                    -0.6364448666572571,
                    0.6421571373939514,
                    -0.4272845387458801,
                    -1.7224390506744385
                ],
                [
                    -1.4901161193847656e-08,
                    0.5539636611938477,
                    0.83254075050354,
                    3.3560791015625
                ],
                [
                    0.0,
                    0.0,
                    0.0,
                    1.0
                ]
            ]
        },
        {
            "file_path": "./train/r_13",
            "rotation": 0.12566370614359174,
            "time": 0.26262626262626265,
            "transform_matrix": [
                [
                    0.6147074699401855,
                    -0.23620092868804932,
                    0.7525582909584045,
                    3.0336592197418213
                ],
                [
                    0.7887551784515381,
                    0.18408052623271942,
                    -0.5864977836608887,
                    -2.3642477989196777
                ],
                [
                    0.0,
                    0.9541087746620178,
                    0.29946038126945496,
                    1.2071632146835327
                ],
                [
                    0.0,
                    0.0,
                    0.0,
                    1.0
                ]
            ]
        },
        {
            "file_path": "./train/r_14",
            "rotation": 0.12566370614359174,
            "time": 0.2828282828282828,
            "transform_matrix": [
                [
                    -0.5398494601249695,
                    -0.827213704586029,
                    0.15582050383090973,
                    0.6281325221061707
                ],
                [
                    0.8417617082595825,
                    -0.5305193662643433,
                    0.09993281215429306,
                    0.40284204483032227
                ],
                [
                    0.0,
                    0.1851123422384262,
                    0.9827173352241516,
                    3.9614603519439697
                ],
                [
                    0.0,
                    0.0,
                    0.0,
                    1.0
                ]
            ]
        },
        {
            "file_path": "./train/r_15",
            "rotation": 0.12566370614359174,
            "time": 0.30303030303030304,
            "transform_matrix": [
                [
                    0.5644873380661011,
                    -0.4913114905357361,
                    0.6633002161979675,
                    2.6738483905792236
                ],
                [
                    0.8254416584968567,
                    0.33598873019218445,
                    -0.45360511541366577,
                    -1.8285404443740845
                ],
                [
                    1.4901158529312397e-08,
                    0.8035699725151062,
                    0.5952103734016418,
                    2.399369478225708
                ],
                [
                    0.0,
                    0.0,
                    0.0,
                    1.0
                ]
            ]
        },
        {
            "file_path": "./train/r_16",
            "rotation": 0.12566370614359174,
            "time": 0.32323232323232326,
            "transform_matrix": [
                [
                    0.32368311285972595,
                    0.3491271734237671,
                    -0.8793972134590149,
                    -3.5449635982513428
                ],
                [
                    -0.9461655020713806,
                    0.1194363683462143,
                    -0.30084168910980225,
                    -1.2127315998077393
                ],
                [
                    0.0,
                    0.9294326901435852,
                    0.3689916431903839,
                    1.4874528646469116
                ],
                [
                    0.0,
                    0.0,
                    0.0,
                    1.0
                ]
            ]
        },
        {
            "file_path": "./train/r_17",
            "rotation": 0.12566370614359174,
            "time": 0.3434343434343434,
            "transform_matrix": [
                [
                    -0.4747307300567627,
                    -0.8596745729446411,
                    0.18865418434143066,
                    0.7604893445968628
                ],
                [
                    0.8801311254501343,
                    -0.46369674801826477,
                    0.1017574891448021,
                    0.41019755601882935
                ],
                [
                    7.450580596923828e-09,
                    0.21434782445430756,
                    0.9767574071884155,
                    3.9374351501464844
                ],
                [
                    0.0,
                    0.0,
                    0.0,
                    1.0
                ]
            ]
        },
        {
            "file_path": "./train/r_18",
            "rotation": 0.12566370614359174,
            "time": 0.36363636363636365,
            "transform_matrix": [
                [
                    0.38818302750587463,
                    -0.889018177986145,
                    0.24281801283359528,
                    0.9788306951522827
                ],
                [
                    0.9215823411941528,
                    0.37446656823158264,
                    -0.10227825492620468,
                    -0.4122968316078186
                ],
                [
                    0.0,
                    0.2634793519973755,
                    0.9646649956703186,
                    3.8886890411376953
                ],
                [
                    0.0,
                    0.0,
                    0.0,
                    1.0
                ]
            ]
        },
        {
            "file_path": "./train/r_19",
            "rotation": 0.12566370614359174,
            "time": 0.3838383838383838,
            "transform_matrix": [
                [
                    0.5719099640846252,
                    0.24945726990699768,
                    -0.7814666032791138,
                    -3.1501927375793457
                ],
                [
                    -0.8203164935112,
                    0.17391714453697205,
                    -0.5448245406150818,
                    -2.196258068084717
                ],
                [
                    0.0,
                    0.9526404738426208,
                    0.30409881472587585,
                    1.2258615493774414
                ],
                [
                    0.0,
                    0.0,
                    0.0,
                    1.0
                ]
            ]
        },
        {
            "file_path": "./train/r_20",
            "rotation": 0.12566370614359174,
            "time": 0.40404040404040403,
            "transform_matrix": [
                [
                    -0.9732558131217957,
                    -0.16216547787189484,
                    0.16271300613880157,
                    0.6559171676635742
                ],
                [
                    0.22972412407398224,
                    -0.6870348453521729,
                    0.6893545985221863,
                    2.7788774967193604
                ],
                [
                    -7.450580596923828e-09,
                    0.7082975506782532,
                    0.7059139013290405,
                    2.845630168914795
                ],
                [
                    0.0,
                    0.0,
                    0.0,
                    1.0
                ]
            ]
        },
        {
            "file_path": "./train/r_21",
            "rotation": 0.12566370614359174,
            "time": 0.42424242424242425,
            "transform_matrix": [
                [
                    -0.29898491501808167,
                    0.6638567447662354,
                    -0.6854941248893738,
                    -2.763315200805664
                ],
                [
                    -0.9542577862739563,
                    -0.2079973965883255,
                    0.21477675437927246,
                    0.8657928109169006
                ],
                [
                    0.0,
                    0.7183530926704407,
                    0.6956786513328552,
                    2.804370403289795
                ],
                [
                    0.0,
                    0.0,
                    0.0,
                    1.0
                ]
            ]
        },
        {
            "file_path": "./train/r_22",
            "rotation": 0.12566370614359174,
            "time": 0.4444444444444444,
            "transform_matrix": [
                [
                    0.30043941736221313,
                    -0.47716549038887024,
                    0.82586270570755,
                    3.3291590213775635
                ],
                [
                    0.9538009166717529,
                    0.1503032147884369,
                    -0.26013997197151184,
                    -1.048657774925232
                ],
                [
                    0.0,
                    0.8658648729324341,
                    0.5002778768539429,
                    2.0166845321655273
                ],
                [
                    0.0,
                    0.0,
                    0.0,
                    1.0
                ]
            ]
        },
        {
            "file_path": "./train/r_23",
            "rotation": 0.12566370614359174,
            "time": 0.46464646464646464,
            "transform_matrix": [
                [
                    0.29123347997665405,
                    0.3949146866798401,
                    -0.8713354468345642,
                    -3.512465476989746
                ],
                [
                    -0.956652045249939,
                    0.12022383511066437,
                    -0.2652605473995209,
                    -1.0692994594573975
                ],
                [
                    0.0,
                    0.9108174443244934,
                    0.41280922293663025,
                    1.664087176322937
                ],
                [
                    0.0,
                    0.0,
                    0.0,
                    1.0
                ]
            ]
        },
        {
            "file_path": "./train/r_24",
            "rotation": 0.12566370614359174,
            "time": 0.48484848484848486,
            "transform_matrix": [
                [
                    0.5940755605697632,
                    -0.7502968907356262,
                    0.29004961252212524,
                    1.1692273616790771
                ],
                [
                    0.8044092655181885,
                    0.5541123151779175,
                    -0.21420863270759583,
                    -0.8635026216506958
                ],
                [
                    0.0,
                    0.3605746924877167,
                    0.9327303171157837,
                    3.759956121444702
                ],
                [
                    0.0,
                    0.0,
                    0.0,
                    1.0
                ]
            ]
        },
        {
            "file_path": "./train/r_25",
            "rotation": 0.12566370614359174,
            "time": 0.5050505050505051,
            "transform_matrix": [
                [
                    -0.3842804431915283,
                    -0.2877247631549835,
                    0.8772359490394592,
                    3.5362513065338135
                ],
                [
                    0.9232164025306702,
                    -0.11976281553506851,
                    0.36514148116111755,
                    1.4719324111938477
                ],
                [
                    0.0,
                    0.9501954317092896,
                    0.3116547167301178,
                    1.2563203573226929
                ],
                [
                    0.0,
                    0.0,
                    0.0,
                    1.0
                ]
            ]
        },
        {
            "file_path": "./train/r_26",
            "rotation": 0.12566370614359174,
            "time": 0.5252525252525253,
            "transform_matrix": [
                [
                    -0.8738536834716797,
                    0.3814464211463928,
                    -0.30146053433418274,
                    -1.2152262926101685
                ],
                [
                    -0.4861890971660614,
                    -0.6855940222740173,
                    0.5418311357498169,
                    2.1841912269592285
                ],
                [
                    1.4901161193847656e-08,
                    0.6200478672981262,
                    0.7845638990402222,
                    3.1626782417297363
                ],
                [
                    0.0,
                    0.0,
                    0.0,
                    1.0
                ]
            ]
        },
        {
            "file_path": "./train/r_27",
            "rotation": 0.12566370614359174,
            "time": 0.5454545454545454,
            "transform_matrix": [
                [
                    -0.44081440567970276,
                    -0.5764310956001282,
                    0.6880477666854858,
                    2.773608922958374
                ],
                [
                    0.8975982069969177,
                    -0.2830878496170044,
                    0.3379032611846924,
                    1.3621314764022827
                ],
                [
                    1.4901158529312397e-08,
                    0.7665430903434753,
                    0.6421929597854614,
                    2.5887622833251953
                ],
                [
                    0.0,
                    0.0,
                    0.0,
                    1.0
                ]
            ]
        },
        {
            "file_path": "./train/r_28",
            "rotation": 0.12566370614359174,
            "time": 0.5656565656565656,
            "transform_matrix": [
                [
                    -0.9985237717628479,
                    -0.042783889919519424,
                    0.03346185386180878,
                    0.13488905131816864
                ],
                [
                    0.05431534722447395,
                    -0.7865315079689026,
                    0.6151568293571472,
                    2.479776382446289
                ],
                [
                    0.0,
                    0.6160662174224854,
                    0.7876943349838257,
                    3.175297498703003
                ],
                [
                    0.0,
                    0.0,
                    0.0,
                    1.0
                ]
            ]
        },
        {
            "file_path": "./train/r_29",
            "rotation": 0.12566370614359174,
            "time": 0.5858585858585859,
            "transform_matrix": [
                [
                    -0.19301976263523102,
                    0.33238399028778076,
                    -0.9231815934181213,
                    -3.721463918685913
                ],
                [
                    -0.9811948537826538,
                    -0.06538626551628113,
                    0.1816074252128601,
                    0.7320829629898071
                ],
                [
                    0.0,
                    0.9408747553825378,
                    0.3387543559074402,
                    1.3655624389648438
                ],
                [
                    0.0,
                    0.0,
                    0.0,
                    1.0
                ]
            ]
        },
        {
            "file_path": "./train/r_30",
            "rotation": 0.12566370614359174,
            "time": 0.6060606060606061,
            "transform_matrix": [
                [
                    0.9825687408447266,
                    0.1503767967224121,
                    -0.10929493606090546,
                    -0.4405819773674011
                ],
                [
                    -0.18589931726455688,
                    0.7948148250579834,
                    -0.5776771306991577,
                    -2.328691005706787
                ],
                [
                    -7.450580152834618e-09,
                    0.5879253149032593,
                    0.8089151978492737,
                    3.2608413696289062
                ],
                [
                    0.0,
                    0.0,
                    0.0,
                    1.0
                ]
            ]
        },
        {
            "file_path": "./train/r_31",
            "rotation": 0.12566370614359174,
            "time": 0.6262626262626263,
            "transform_matrix": [
                [
                    0.8340170979499817,
                    0.5105394721031189,
                    -0.20920085906982422,
                    -0.8433156609535217
                ],
                [
                    -0.5517387390136719,
                    0.771739661693573,
                    -0.316231369972229,
                    -1.2747694253921509
                ],
                [
                    0.0,
                    0.3791665732860565,
                    0.9253284335136414,
                    3.7301182746887207
                ],
                [
                    0.0,
                    0.0,
                    0.0,
                    1.0
                ]
            ]
        },
        {
            "file_path": "./train/r_32",
            "rotation": 0.12566370614359174,
            "time": 0.6464646464646465,
            "transform_matrix": [
                [
                    0.9119774699211121,
                    0.20733745396137238,
                    -0.35398900508880615,
                    -1.4269753694534302
                ],
                [
                    -0.41024020314216614,
                    0.46091800928115845,
                    -0.786929190158844,
                    -3.172213077545166
                ],
                [
                    1.4901160305669237e-08,
                    0.8628822565078735,
                    0.5054050087928772,
                    2.0373528003692627
                ],
                [
                    0.0,
                    0.0,
                    0.0,
                    1.0
                ]
            ]
        },
        {
            "file_path": "./train/r_33",
            "rotation": 0.12566370614359174,
            "time": 0.6666666666666666,
            "transform_matrix": [
                [
                    0.7848549485206604,
                    0.2540068030357361,
                    -0.5652285814285278,
                    -2.2785093784332275
                ],
                [
                    -0.6196796298027039,
                    0.3217121958732605,
                    -0.7158899903297424,
                    -2.8858449459075928
                ],
                [
                    -1.4901161193847656e-08,
                    0.9121303558349609,
                    0.4099002182483673,
                    1.6523606777191162
                ],
                [
                    0.0,
                    0.0,
                    0.0,
                    1.0
                ]
            ]
        },
        {
            "file_path": "./train/r_34",
            "rotation": 0.12566370614359174,
            "time": 0.6868686868686869,
            "transform_matrix": [
                [
                    0.6556293368339539,
                    0.1080869808793068,
                    -0.747306764125824,
                    -3.0124897956848145
                ],
                [
                    -0.7550827860832214,
                    0.09385062754154205,
                    -0.6488775014877319,
                    -2.615708589553833
                ],
                [
                    0.0,
                    0.9897015690803528,
                    0.1431458741426468,
                    0.5770394206047058
                ],
                [
                    0.0,
                    0.0,
                    0.0,
                    1.0
                ]
            ]
        },
        {
            "file_path": "./train/r_35",
            "rotation": 0.12566370614359174,
            "time": 0.7070707070707071,
            "transform_matrix": [
                [
                    -0.31616589426994324,
                    -0.41313445568084717,
                    0.8540251851081848,
                    3.442685604095459
                ],
                [
                    0.948703944683075,
                    -0.13768154382705688,
                    0.28461316227912903,
                    1.1473124027252197
                ],
                [
                    7.450580596923828e-09,
                    0.9002020359039307,
                    0.4354724884033203,
                    1.7554457187652588
                ],
                [
                    0.0,
                    0.0,
                    0.0,
                    1.0
                ]
            ]
        },
        {
            "file_path": "./train/r_36",
            "rotation": 0.12566370614359174,
            "time": 0.7272727272727273,
            "transform_matrix": [
                [
                    -0.945422887802124,
                    -0.08015067130327225,
                    0.31583431363105774,
                    1.2731688022613525
                ],
                [
                    0.32584571838378906,
                    -0.232552632689476,
                    0.9163753390312195,
                    3.6940271854400635
                ],
                [
                    0.0,
                    0.9692755937576294,
                    0.24597732722759247,
                    0.9915663003921509
                ],
                [
                    0.0,
                    0.0,
                    0.0,
                    1.0
                ]
            ]
        },
        {
            "file_path": "./train/r_37",
            "rotation": 0.12566370614359174,
            "time": 0.7474747474747475,
            "transform_matrix": [
                [
                    -0.9988377690315247,
                    -0.013300671242177486,
                    0.046325910836458206,
                    0.18674571812152863
                ],
                [
                    0.04819748178124428,
                    -0.27564120292663574,
                    0.9600515365600586,
                    3.870091438293457
                ],
                [
                    -9.313224080820248e-10,
                    0.961168646812439,
                    0.27596190571784973,
                    1.1124380826950073
                ],
                [
                    0.0,
                    0.0,
                    0.0,
                    1.0
                ]
            ]
        },
        {
            "file_path": "./train/r_38",
            "rotation": 0.12566370614359174,
            "time": 0.7676767676767676,
            "transform_matrix": [
                [
                    0.8940076231956482,
                    0.322834312915802,
                    -0.31068986654281616,
                    -1.252431035041809
                ],
                [
                    -0.4480515122413635,
                    0.6441588401794434,
                    -0.6199266910552979,
                    -2.499004602432251
                ],
                [
                    1.4901159417490817e-08,
                    0.6934242844581604,
                    0.7205293774604797,
                    2.9045469760894775
                ],
                [
                    0.0,
                    0.0,
                    0.0,
                    1.0
                ]
            ]
        },
        {
            "file_path": "./train/r_39",
            "rotation": 0.12566370614359174,
            "time": 0.7878787878787878,
            "transform_matrix": [
                [
                    -0.6615672707557678,
                    0.25486278533935547,
                    -0.7052472829818726,
                    -2.842942714691162
                ],
                [
                    -0.7498858571052551,
                    -0.22484606504440308,
                    0.6221860647201538,
                    2.5081121921539307
                ],
                [
                    0.0,
                    0.9404727816581726,
                    0.33986881375312805,
                    1.3700549602508545
                ],
                [
                    0.0,
                    0.0,
                    0.0,
                    1.0
                ]
            ]
        },
        {
            "file_path": "./train/r_40",
            "rotation": 0.12566370614359174,
            "time": 0.8080808080808081,
            "transform_matrix": [
                [
                    0.7770488262176514,
                    0.5357910990715027,
                    -0.33033767342567444,
                    -1.3316335678100586
                ],
                [
                    -0.6294403672218323,
                    0.6614381074905396,
                    -0.40780431032180786,
                    -1.643911600112915
                ],
                [
                    0.0,
                    0.5248116850852966,
                    0.8512184023857117,
                    3.431370735168457
                ],
                [
                    0.0,
                    0.0,
                    0.0,
                    1.0
                ]
            ]
        },
        {
            "file_path": "./train/r_41",
            "rotation": 0.12566370614359174,
            "time": 0.8282828282828283,
            "transform_matrix": [
                [
                    -0.43567711114883423,
                    -0.2704468369483948,
                    0.8585126399993896,
                    3.460775136947632
                ],
                [
                    0.9001030325889587,
                    -0.1309044510126114,
                    0.41554611921310425,
                    1.6751199960708618
                ],
                [
                    -7.450580596923828e-09,
                    0.9537936449050903,
                    0.30046212673187256,
                    1.211201548576355
                ],
                [
                    0.0,
                    0.0,
                    0.0,
                    1.0
                ]
            ]
        },
        {
            "file_path": "./train/r_42",
            "rotation": 0.12566370614359174,
            "time": 0.8484848484848485,
            "transform_matrix": [
                [
                    0.973406970500946,
                    -0.07262394577264786,
                    0.21726630628108978,
                    0.8758285045623779
                ],
                [
                    0.22908273339271545,
                    0.3085900843143463,
                    -0.9231972694396973,
                    -3.721527338027954
                ],
                [
                    0.0,
                    0.9484186768531799,
                    0.31702059507369995,
                    1.2779508829116821
                ],
                [
                    0.0,
                    0.0,
                    0.0,
                    1.0
                ]
            ]
        },
        {
            "file_path": "./train/r_43",
            "rotation": 0.12566370614359174,
            "time": 0.8686868686868687,
            "transform_matrix": [
                [
                    0.4270518720149994,
                    0.9030863642692566,
                    -0.04540663957595825,
                    -0.18304002285003662
                ],
                [
                    -0.9042271375656128,
                    0.42651307582855225,
                    -0.02144481986761093,
                    -0.0864468365907669
