{
    "camera_angle_x": 0.6911112070083618,
    "frames": [
        {
            "file_path": "./train/r_000",
            "rotation": 0.041887902047863905,
            "time": 0.0,
            "transform_matrix": [
                [
                    0.9611949324607849,
                    -0.2758157253265381,
                    0.0054681445471942425,
                    0.02204279601573944
                ],
                [
                    0.2758699059486389,
                    0.9610061049461365,
                    -0.019052285701036453,
                    -0.07680222392082214
                ],
                [
                    0.0,
                    0.01982264779508114,
                    0.9998034834861755,
                    4.030336856842041
                ],
                [
                    0.0,
                    0.0,
                    0.0,
                    1.0
                ]
            ]
        },
        {
            "file_path": "./train/r_001",
            "rotation": 0.041887902047863905,
            "time": 0.006711409395973154,
            "transform_matrix": [
                [
                    -0.4410913586616516,
                    0.45111748576164246,
                    -0.7758424282073975,
                    -3.127520799636841
                ],
                [
                    -0.8974622488021851,
                    -0.22171856462955475,
                    0.38131675124168396,
                    1.5371370315551758
                ],
                [
                    -2.9802322387695312e-08,
                    0.8644847869873047,
                    0.502659022808075,
                    2.0262832641601562
                ],
                [
                    0.0,
                    0.0,
                    0.0,
                    1.0
                ]
            ]
        },
        {
            "file_path": "./train/r_002",
            "rotation": 0.041887902047863905,
            "time": 0.013422818791946308,
            "transform_matrix": [
                [
                    -0.817157506942749,
                    0.5177730917930603,
                    -0.2533070743083954,
                    -1.021113634109497
                ],
                [
                    -0.5764142870903015,
                    -0.7340244650840759,
                    0.3591024577617645,
                    1.4475884437561035
                ],
                [
                    0.0,
                    0.43945321440696716,
                    0.8982654213905334,
                    3.6210238933563232
                ],
                [
                    0.0,
                    0.0,
                    0.0,
                    1.0
                ]
            ]
        },
        {
            "file_path": "./train/r_003",
            "rotation": 0.041887902047863905,
            "time": 0.020134228187919462,
            "transform_matrix": [
                [
                    0.72482830286026,
                    0.4158647954463959,
                    -0.5492542386054993,
                    -2.2141149044036865
                ],
                [
                    -0.6889294385910034,
                    0.43753474950790405,
                    -0.5778748393058777,
                    -2.3294882774353027
                ],
                [
                    1.4901160305669237e-08,
                    0.797257661819458,
                    0.6036391258239746,
                    2.433347463607788
                ],
                [
                    0.0,
                    0.0,
                    0.0,
                    1.0
                ]
            ]
        },
        {
            "file_path": "./train/r_004",
            "rotation": 0.041887902047863905,
            "time": 0.026845637583892617,
            "transform_matrix": [
                [
                    0.9261072278022766,
                    -0.1475585550069809,
                    0.34720560908317566,
                    1.3996306657791138
                ],
                [
                    0.3772601783275604,
                    0.36223021149635315,
                    -0.8523284792900085,
                    -3.4358463287353516
                ],
                [
                    -1.4901160305669237e-08,
                    0.92033451795578,
                    0.39113202691078186,
                    1.5767037868499756
                ],
                [
                    0.0,
                    0.0,
                    0.0,
                    1.0
                ]
            ]
        },
        {
            "file_path": "./train/r_005",
            "rotation": 0.041887902047863905,
            "time": 0.03355704697986577,
            "transform_matrix": [
                [
                    0.21634520590305328,
                    0.32038822770118713,
                    -0.9222505688667297,
                    -3.7177109718322754
                ],
                [
                    -0.9763168692588806,
                    0.07099585980176926,
                    -0.20436447858810425,
                    -0.8238195776939392
                ],
                [
                    0.0,
                    0.9446221590042114,
                    0.32816004753112793,
                    1.3228554725646973
                ],
                [
                    0.0,
                    0.0,
                    0.0,
                    1.0
                ]
            ]
        },
        {
            "file_path": "./train/r_006",
            "rotation": 0.041887902047863905,
            "time": 0.040268456375838924,
            "transform_matrix": [
                [
                    0.8922162652015686,
                    -0.32628771662712097,
                    0.3122282028198242,
                    1.2586321830749512
                ],
                [
                    0.45160844922065735,
                    0.6446274518966675,
                    -0.6168509125709534,
                    -2.486605644226074
                ],
                [
                    0.0,
                    0.6913692355155945,
                    0.7225014567375183,
                    2.912496566772461
                ],
                [
                    0.0,
                    0.0,
                    0.0,
                    1.0
                ]
            ]
        },
        {
            "file_path": "./train/r_007",
            "rotation": 0.041887902047863905,
            "time": 0.04697986577181208,
            "transform_matrix": [
                [
                    -0.6874301433563232,
                    -0.6706337928771973,
                    0.2787294089794159,
                    1.1235941648483276
                ],
                [
                    0.7262504696846008,
                    -0.6347863674163818,
                    0.2638304531574249,
                    1.0635346174240112
                ],
                [
                    1.4901160305669237e-08,
                    0.3837924003601074,
                    0.9234193563461304,
                    3.7224225997924805
                ],
                [
                    0.0,
                    0.0,
                    0.0,
                    1.0
                ]
            ]
        },
        {
            "file_path": "./train/r_008",
            "rotation": 0.041887902047863905,
            "time": 0.053691275167785234,
            "transform_matrix": [
                [
                    0.9497993588447571,
                    -0.08744150400161743,
                    0.30039164423942566,
                    1.2109174728393555
                ],
                [
                    0.3128596246242523,
                    0.2654604911804199,
                    -0.9119482040405273,
                    -3.676180839538574
                ],
                [
                    7.450580596923828e-09,
                    0.9601481556892395,
                    0.2794911563396454,
                    1.1266648769378662
                ],
                [
                    0.0,
                    0.0,
                    0.0,
                    1.0
                ]
            ]
        },
        {
            "file_path": "./train/r_009",
            "rotation": 0.041887902047863905,
            "time": 0.06040268456375839,
            "transform_matrix": [
                [
                    0.7904738187789917,
                    -0.33968204259872437,
                    0.5096736550331116,
                    2.0545601844787598
                ],
                [
                    0.6124957799911499,
                    0.43838629126548767,
                    -0.6577737927436829,
                    -2.651571035385132
                ],
                [
                    0.0,
                    0.8321259021759033,
                    0.55458664894104,
                    2.235610246658325
                ],
                [
                    0.0,
                    0.0,
                    0.0,
                    1.0
                ]
            ]
        },
        {
            "file_path": "./train/r_010",
            "rotation": 0.041887902047863905,
            "time": 0.06711409395973154,
            "transform_matrix": [
                [
                    0.4310828149318695,
                    -0.6725672483444214,
                    0.6015154719352722,
                    2.4247865676879883
                ],
                [
                    0.9023122787475586,
                    0.3213213384151459,
                    -0.2873761057853699,
                    -1.1584502458572388
                ],
                [
                    0.0,
                    0.6666377186775208,
                    0.745381772518158,
                    3.004730224609375
                ],
                [
                    0.0,
                    0.0,
                    0.0,
                    1.0
                ]
            ]
        },
        {
            "file_path": "./train/r_011",
            "rotation": 0.041887902047863905,
            "time": 0.0738255033557047,
            "transform_matrix": [
                [
                    -0.6303353905677795,
                    0.4890648126602173,
                    -0.6029036641120911,
                    -2.430382490158081
                ],
                [
                    -0.7763228416442871,
                    -0.3970962166786194,
                    0.4895276725292206,
                    1.9733492136001587
                ],
                [
                    0.0,
                    0.7766146063804626,
                    0.6299760341644287,
                    2.5395145416259766
                ],
                [
                    0.0,
                    0.0,
                    0.0,
                    1.0
                ]
            ]
        },
        {
            "file_path": "./train/r_012",
            "rotation": 0.041887902047863905,
            "time": 0.08053691275167785,
            "transform_matrix": [
                [
                    -0.9845308661460876,
                    -0.15675675868988037,
                    0.07827015966176987,
                    0.3155170679092407
                ],
                [
                    0.17521101236343384,
                    -0.8808343410491943,
                    0.43980905413627625,
                    1.7729268074035645
                ],
                [
                    7.4505797087454084e-09,
                    0.44671937823295593,
                    0.8946741819381714,
                    3.606546640396118
                ],
                [
                    0.0,
                    0.0,
                    0.0,
                    1.0
                ]
            ]
        },
        {
            "file_path": "./train/r_013",
            "rotation": 0.041887902047863905,
            "time": 0.087248322147651,
            "transform_matrix": [
                [
                    -0.6553671360015869,
                    0.6885344386100769,
                    -0.3105063736438751,
                    -1.2516913414001465
                ],
                [
                    -0.7553104162216187,
                    -0.5974270105361938,
                    0.26941993832588196,
                    1.0860666036605835
                ],
                [
                    1.4901160305669237e-08,
                    0.4110977053642273,
                    0.9115912318229675,
                    3.6747419834136963
                ],
                [
                    0.0,
                    0.0,
                    0.0,
                    1.0
                ]
            ]
        },
        {
            "file_path": "./train/r_014",
            "rotation": 0.041887902047863905,
            "time": 0.09395973154362416,
            "transform_matrix": [
                [
                    0.17219410836696625,
                    -0.9845370650291443,
                    0.032188426703214645,
                    0.12975570559501648
                ],
                [
                    0.9850629568099976,
                    0.1721021682024002,
                    -0.005626703146845102,
                    -0.022681966423988342
                ],
                [
                    -4.6566123179658803e-10,
                    0.03267478197813034,
                    0.9994660019874573,
                    4.0289764404296875
                ],
                [
                    0.0,
                    0.0,
                    0.0,
                    1.0
                ]
            ]
        },
        {
            "file_path": "./train/r_015",
            "rotation": 0.041887902047863905,
            "time": 0.10067114093959731,
            "transform_matrix": [
                [
                    0.9551757574081421,
                    0.25806641578674316,
                    -0.14505580067634583,
                    -0.5847386121749878
                ],
                [
                    -0.2960396409034729,
                    0.832654595375061,
                    -0.46802443265914917,
                    -1.8866668939590454
                ],
                [
                    -7.450581485102248e-09,
                    0.4899877905845642,
                    0.8717292547225952,
                    3.5140531063079834
                ],
                [
                    0.0,
                    0.0,
                    0.0,
                    1.0
                ]
            ]
        },
        {
            "file_path": "./train/r_016",
            "rotation": 0.041887902047863905,
            "time": 0.10738255033557047,
            "transform_matrix": [
                [
                    0.9484133124351501,
                    -0.15430906414985657,
                    0.27694910764694214,
                    1.1164175271987915
                ],
                [
                    0.3170364201068878,
                    0.4616149961948395,
                    -0.828492283821106,
                    -3.339759111404419
                ],
                [
                    1.4901160305669237e-08,
                    0.8735560774803162,
                    0.4867234528064728,
                    1.9620449542999268
                ],
                [
                    0.0,
                    0.0,
                    0.0,
                    1.0
                ]
            ]
        },
        {
            "file_path": "./train/r_017",
            "rotation": 0.041887902047863905,
            "time": 0.11409395973154363,
            "transform_matrix": [
                [
                    0.5341165065765381,
                    0.7226386666297913,
                    -0.43876293301582336,
                    -1.7687100172042847
                ],
                [
                    -0.8454108238220215,
                    0.45655110478401184,
                    -0.27720311284065247,
                    -1.1174416542053223
                ],
                [
                    0.0,
                    0.5189936757087708,
                    0.854777991771698,
                    3.4457204341888428
                ],
                [
                    0.0,
                    0.0,
                    0.0,
                    1.0
                ]
            ]
        },
        {
            "file_path": "./train/r_018",
            "rotation": 0.041887902047863905,
            "time": 0.12080536912751678,
            "transform_matrix": [
                [
                    0.2633197605609894,
                    -0.8986604809761047,
                    0.35081613063812256,
                    1.4141850471496582
                ],
                [
                    0.9647086262702942,
                    0.24529176950454712,
                    -0.09575619548559189,
                    -0.38600558042526245
                ],
                [
                    0.0,
                    0.36364978551864624,
                    0.9315357208251953,
                    3.755140542984009
                ],
                [
                    0.0,
                    0.0,
                    0.0,
                    1.0
                ]
            ]
        },
        {
            "file_path": "./train/r_019",
            "rotation": 0.041887902047863905,
            "time": 0.12751677852348994,
            "transform_matrix": [
                [
                    -0.9831342101097107,
                    0.18080568313598633,
                    -0.027501225471496582,
                    -0.11086098849773407
                ],
                [
                    -0.18288522958755493,
                    -0.9719551801681519,
                    0.1478380411863327,
                    0.595954179763794
                ],
                [
                    0.0,
                    0.15037411451339722,
                    0.9886291027069092,
                    3.9852914810180664
                ],
                [
                    0.0,
                    0.0,
                    0.0,
                    1.0
                ]
            ]
        },
        {
            "file_path": "./train/r_020",
            "rotation": 0.041887902047863905,
            "time": 0.1342281879194631,
            "transform_matrix": [
                [
                    0.9223651885986328,
                    0.2215762436389923,
                    -0.3164590001106262,
                    -1.2756870985031128
                ],
                [
                    -0.38631895184516907,
                    0.5290297269821167,
                    -0.7555693984031677,
                    -3.045797824859619
                ],
                [
                    0.0,
                    0.819165050983429,
                    0.5735576748847961,
                    2.3120851516723633
                ],
                [
                    0.0,
                    0.0,
                    0.0,
                    1.0
                ]
            ]
        },
        {
            "file_path": "./train/r_021",
            "rotation": 0.041887902047863905,
            "time": 0.14093959731543623,
            "transform_matrix": [
                [
                    -0.4361676275730133,
                    -0.15643121302127838,
                    0.8861642479896545,
                    3.572242259979248
                ],
                [
                    0.899865448474884,
                    -0.07582270354032516,
                    0.4295266270637512,
                    1.7314772605895996
                ],
                [
                    0.0,
                    0.984774112701416,
                    0.17383846640586853,
                    0.7007652521133423
                ],
                [
                    0.0,
                    0.0,
                    0.0,
                    1.0
                ]
            ]
        },
        {
            "file_path": "./train/r_022",
            "rotation": 0.041887902047863905,
            "time": 0.1476510067114094,
            "transform_matrix": [
                [
                    -0.9801265597343445,
                    0.07227567583322525,
                    -0.18473774194717407,
                    -0.7447016835212708
                ],
                [
                    -0.19837288558483124,
                    -0.3571017384529114,
                    0.9127576351165771,
                    3.679443836212158
                ],
                [
                    7.450580152834618e-09,
                    0.9312650561332703,
                    0.36434245109558105,
                    1.4687113761901855
                ],
                [
                    0.0,
                    0.0,
                    0.0,
                    1.0
                ]
            ]
        },
        {
            "file_path": "./train/r_023",
            "rotation": 0.041887902047863905,
            "time": 0.15436241610738255,
            "transform_matrix": [
                [
                    0.1907484382390976,
                    -0.7238736748695374,
                    0.6630399823188782,
                    2.672799587249756
                ],
                [
                    0.9816389083862305,
                    0.14066046476364136,
                    -0.12883949279785156,
                    -0.519368588924408
                ],
                [
                    7.4505792646561986e-09,
                    0.6754416823387146,
                    0.7374132871627808,
                    2.9726078510284424
                ],
                [
                    0.0,
                    0.0,
                    0.0,
                    1.0
                ]
            ]
        },
        {
            "file_path": "./train/r_024",
            "rotation": 0.041887902047863905,
            "time": 0.1610738255033557,
            "transform_matrix": [
                [
                    0.6624705195426941,
                    -0.5435760021209717,
                    0.515420138835907,
                    2.0777251720428467
                ],
                [
                    0.7490879893302917,
                    0.48072198033332825,
                    -0.45582184195518494,
                    -1.8374767303466797
                ],
                [
                    1.4901159417490817e-08,
                    0.6880636215209961,
                    0.7256503105163574,
                    2.9251902103424072
                ],
                [
                    0.0,
                    0.0,
                    0.0,
                    1.0
                ]
            ]
        },
        {
            "file_path": "./train/r_025",
            "rotation": 0.041887902047863905,
            "time": 0.16778523489932887,
            "transform_matrix": [
                [
                    -0.7177278399467468,
                    -0.46854862570762634,
                    0.51510089635849,
                    2.0764379501342773
                ],
                [
                    0.6963236927986145,
                    -0.48295122385025024,
                    0.5309344530105591,
                    2.1402649879455566
                ],
                [
                    0.0,
                    0.7397434115409851,
                    0.6728891134262085,
                    2.7125024795532227
                ],
                [
                    0.0,
                    0.0,
                    0.0,
                    1.0
                ]
            ]
        },
        {
            "file_path": "./train/r_026",
            "rotation": 0.041887902047863905,
            "time": 0.174496644295302,
            "transform_matrix": [
                [
                    -0.8448165655136108,
                    -0.06990323215723038,
                    0.530470073223114,
                    2.1383931636810303
                ],
                [
                    0.5350559949874878,
                    -0.1103723868727684,
                    0.8375756740570068,
                    3.376375436782837
                ],
                [
                    0.0,
                    0.9914289712905884,
                    0.13064657151699066,
                    0.5266531705856323
                ],
                [
                    0.0,
                    0.0,
                    0.0,
                    1.0
                ]
            ]
        },
        {
            "file_path": "./train/r_027",
            "rotation": 0.041887902047863905,
            "time": 0.18120805369127516,
            "transform_matrix": [
                [
                    -0.14112554490566254,
                    -0.5467685461044312,
                    0.8253046870231628,
                    3.3269095420837402
                ],
                [
                    0.9899917840957642,
                    -0.07794307917356491,
                    0.11764902621507645,
                    0.4742583930492401
                ],
                [
                    0.0,
                    0.8336480855941772,
                    0.5522960424423218,
                    2.226376533508301
                ],
                [
                    0.0,
                    0.0,
                    0.0,
                    1.0
                ]
            ]
        },
        {
            "file_path": "./train/r_028",
            "rotation": 0.041887902047863905,
            "time": 0.18791946308724833,
            "transform_matrix": [
                [
                    -0.05153311416506767,
                    0.6010646820068359,
                    -0.7975372076034546,
                    -3.214975357055664
                ],
                [
                    -0.998671293258667,
                    -0.031015945598483086,
                    0.04115425795316696,
                    0.16589811444282532
                ],
                [
                    0.0,
                    0.7985982894897461,
                    0.6018643379211426,
                    2.4261927604675293
                ],
                [
                    0.0,
                    0.0,
                    0.0,
                    1.0
                ]
            ]
        },
        {
            "file_path": "./train/r_029",
            "rotation": 0.041887902047863905,
            "time": 0.19463087248322147,
            "transform_matrix": [
                [
                    0.5407735705375671,
                    0.5383219718933105,
                    -0.6463539004325867,
                    -2.6055359840393066
                ],
                [
                    -0.8411681056022644,
                    0.34607863426208496,
                    -0.41553059220314026,
                    -1.6750574111938477
                ],
                [
                    2.9802320611338473e-08,
                    0.7684003710746765,
                    0.6399694681167603,
                    2.5797994136810303
                ],
                [
                    0.0,
                    0.0,
                    0.0,
                    1.0
                ]
            ]
        },
        {
            "file_path": "./train/r_030",
            "rotation": 0.041887902047863905,
            "time": 0.20134228187919462,
            "transform_matrix": [
                [
                    0.01187074463814497,
                    0.9728807806968689,
                    -0.23100215196609497,
                    -0.9311994314193726
                ],
                [
                    -0.9999295473098755,
                    0.011549632996320724,
                    -0.0027423608116805553,
                    -0.011054810136556625
                ],
                [
                    0.0,
                    0.23101845383644104,
                    0.9729493856430054,
                    3.922084331512451
                ],
                [
                    0.0,
                    0.0,
                    0.0,
                    1.0
                ]
            ]
        },
        {
            "file_path": "./train/r_031",
            "rotation": 0.041887902047863905,
            "time": 0.2080536912751678,
            "transform_matrix": [
                [
                    0.9342469573020935,
                    -0.05892679840326309,
                    0.35172438621520996,
                    1.4178463220596313
                ],
                [
                    0.35662642121315,
                    0.15436933934688568,
                    -0.9214052557945251,
                    -3.714303493499756
                ],
                [
                    0.0,
                    0.9862544536590576,
                    0.16523393988609314,
                    0.6660793423652649
                ],
                [
                    0.0,
                    0.0,
                    0.0,
                    1.0
                ]
            ]
        },
        {
            "file_path": "./train/r_032",
            "rotation": 0.041887902047863905,
            "time": 0.21476510067114093,
            "transform_matrix": [
                [
                    0.4748183488845825,
                    -0.8279219269752502,
                    0.29848429560661316,
                    1.2032287120819092
                ],
                [
                    0.8800838589668274,
                    0.44667619466781616,
                    -0.16103672981262207,
                    -0.649159848690033
                ],
                [
                    1.4901161193847656e-08,
                    0.33915436267852783,
                    0.9407306909561157,
                    3.7922067642211914
                ],
                [
                    0.0,
                    0.0,
                    0.0,
                    1.0
                ]
            ]
        },
        {
            "file_path": "./train/r_033",
            "rotation": 0.041887902047863905,
            "time": 0.2214765100671141,
            "transform_matrix": [
                [
                    0.17520134150981903,
                    -0.9044380784034729,
                    0.38896796107292175,
                    1.5679798126220703
                ],
                [
                    0.9845325350761414,
                    0.1609482318162918,
                    -0.06921833753585815,
                    -0.2790279984474182
                ],
                [
                    -7.4505792646561986e-09,
                    0.3950788378715515,
                    0.918647289276123,
                    3.7031853199005127
                ],
                [
                    0.0,
                    0.0,
                    0.0,
                    1.0
                ]
            ]
        },
        {
            "file_path": "./train/r_034",
            "rotation": 0.041887902047863905,
            "time": 0.22818791946308725,
            "transform_matrix": [
                [
                    -0.9322419166564941,
                    -0.23346342146396637,
                    0.27644145488739014,
                    1.1143711805343628
                ],
                [
                    0.36183568835258484,
                    -0.6015005707740784,
                    0.7122302055358887,
                    2.871091842651367
                ],
                [
                    -1.4901161193847656e-08,
                    0.7639972567558289,
                    0.6452194452285767,
                    2.6009628772735596
                ],
                [
                    0.0,
                    0.0,
                    0.0,
                    1.0
                ]
            ]
        },
        {
            "file_path": "./train/r_035",
            "rotation": 0.041887902047863905,
            "time": 0.2348993288590604,
            "transform_matrix": [
                [
                    0.7224627137184143,
                    0.21862287819385529,
                    -0.6559357047080994,
                    -2.6441609859466553
                ],
                [
                    -0.6914097666740417,
                    0.2284417748451233,
                    -0.6853954195976257,
                    -2.7629170417785645
                ],
                [
                    -1.4901157641133977e-08,
                    0.9486929774284363,
                    0.3161987364292145,
                    1.2746376991271973
                ],
                [
                    0.0,
                    0.0,
                    0.0,
                    1.0
                ]
            ]
        },
        {
            "file_path": "./train/r_036",
            "rotation": 0.041887902047863905,
            "time": 0.24161073825503357,
            "transform_matrix": [
                [
                    0.9968640208244324,
                    -0.057729851454496384,
                    0.05412369593977928,
                    0.2181796133518219
                ],
                [
                    0.07913349568843842,
                    0.7272369861602783,
                    -0.6818093657493591,
                    -2.7484617233276367
                ],
                [
                    0.0,
                    0.6839541792869568,
                    0.7295247912406921,
                    2.9408087730407715
                ],
                [
                    0.0,
                    0.0,
                    0.0,
                    1.0
                ]
            ]
        },
        {
            "file_path": "./train/r_037",
            "rotation": 0.041887902047863905,
            "time": 0.2483221476510067,
            "transform_matrix": [
                [
                    0.6362364292144775,
                    -0.6370218992233276,
                    0.43520835041999817,
                    1.7543808221817017
                ],
                [
                    0.7714942693710327,
                    0.525339663028717,
                    -0.35890793800354004,
                    -1.4468040466308594
                ],
                [
                    0.0,
                    0.5641109943389893,
                    0.8256990313529968,
                    3.3284988403320312
                ],
                [
                    0.0,
                    0.0,
                    0.0,
                    1.0
                ]
            ]
        },
        {
            "file_path": "./train/r_038",
            "rotation": 0.041887902047863905,
            "time": 0.2550335570469799,
            "transform_matrix": [
                [
                    -0.846476137638092,
                    0.3067924976348877,
                    -0.4351511299610138,
                    -1.7541502714157104
                ],
                [
                    -0.532426655292511,
                    -0.48775267601013184,
                    0.6918230652809143,
                    2.788827896118164
                ],
                [
                    -1.4901161193847656e-08,
                    0.8172977566719055,
                    0.5762155055999756,
                    2.32279896736145
                ],
                [
                    0.0,
                    0.0,
                    0.0,
                    1.0
                ]
            ]
        },
        {
            "file_path": "./train/r_039",
            "rotation": 0.041887902047863905,
            "time": 0.26174496644295303,
            "transform_matrix": [
                [
                    -0.3265630900859833,
                    -0.13760098814964294,
                    0.9351056814193726,
                    3.769531488418579
                ],
                [
                    0.9451754689216614,
                    -0.04754186049103737,
                    0.32308390736579895,
                    1.302392840385437
                ],
                [
                    0.0,
                    0.9893461465835571,
                    0.14558248221874237,
                    0.5868617296218872
                ],
                [
                    0.0,
                    0.0,
                    0.0,
                    1.0
                ]
            ]
        },
        {
            "file_path": "./train/r_040",
            "rotation": 0.041887902047863905,
            "time": 0.2684563758389262,
            "transform_matrix": [
                [
                    -0.8491429686546326,
                    0.5018187761306763,
                    -0.1647244691848755,
                    -0.664025604724884
                ],
                [
                    -0.5281630754470825,
                    -0.806788444519043,
                    0.2648322880268097,
                    1.067573070526123
                ],
                [
                    1.4901161193847656e-08,
                    0.3118819296360016,
                    0.9501208662986755,
                    3.830059766769409
                ],
                [
                    0.0,
                    0.0,
                    0.0,
                    1.0
                ]
            ]
        },
        {
            "file_path": "./train/r_041",
            "rotation": 0.041887902047863905,
            "time": 0.2751677852348993,
            "transform_matrix": [
                [
                    -0.9984903931617737,
                    -0.03626485541462898,
                    0.04125417396426201,
                    0.16630089282989502
                ],
                [
                    0.054927654564380646,
                    -0.6592327952384949,
                    0.7499300241470337,
                    3.023064613342285
                ],
                [
                    0.0,
                    0.7510638236999512,
                    0.6602295637130737,
                    2.661470413208008
                ],
                [
                    0.0,
                    0.0,
                    0.0,
                    1.0
                ]
            ]
        },
        {
            "file_path": "./train/r_042",
            "rotation": 0.041887902047863905,
            "time": 0.28187919463087246,
            "transform_matrix": [
                [
                    -0.9428739547729492,
                    0.3331259787082672,
                    -0.003963708411902189,
                    -0.015978217124938965
                ],
                [
                    -0.3331495523452759,
                    -0.9428072571754456,
                    0.011218016967177391,
                    0.04522126913070679
                ],
                [
                    0.0,
                    0.011893190443515778,
                    0.9999292492866516,
                    4.030843257904053
                ],
                [
                    0.0,
                    0.0,
                    0.0,
                    1.0
                ]
            ]
        },
        {
            "file_path": "./train/r_043",
            "rotation": 0.041887902047863905,
            "time": 0.28859060402684567,
            "transform_matrix": [
                [
                    -0.9997973442077637,
                    -0.006369942799210548,
                    0.019099142402410507,
                    0.07699110358953476
                ],
