{
    "camera_angle_x": 0.6911112070083618,
    "frames": [
        {
            "file_path": "./train/r_000",
            "rotation": 0.031415926535897934,
            "time": 0.0,
            "transform_matrix": [
                [
                    0.8158209919929504,
                    -0.08080814778804779,
                    0.5726309418678284,
                    2.308349132537842
                ],
                [
                    0.5783045887947083,
                    0.11399699747562408,
                    -0.8078171014785767,
                    -3.2564148902893066
                ],
                [
                    -7.450581485102248e-09,
                    0.9901891946792603,
                    0.13973285257816315,
                    0.5632811188697815
                ],
                [
                    0.0,
                    0.0,
                    0.0,
                    1.0
                ]
            ]
        },
        {
            "file_path": "./train/r_001",
            "rotation": 0.031415926535897934,
            "time": 0.005025125628140704,
            "transform_matrix": [
                [
                    -0.5398984551429749,
                    0.34347301721572876,
                    -0.7684633731842041,
                    -3.0977749824523926
                ],
                [
                    -0.8417302370071411,
                    -0.22030876576900482,
                    0.4929039776325226,
                    1.986959457397461
                ],
                [
                    0.0,
                    0.9129568338394165,
                    0.40805599093437195,
                    1.6449263095855713
                ],
                [
                    0.0,
                    0.0,
                    0.0,
                    1.0
                ]
            ]
        },
        {
            "file_path": "./train/r_002",
            "rotation": 0.031415926535897934,
            "time": 0.010050251256281407,
            "transform_matrix": [
                [
                    0.6971422433853149,
                    0.15993565320968628,
                    0.6988656520843506,
                    2.8172178268432617
                ],
                [
                    0.7169328331947327,
                    -0.15552069246768951,
                    -0.6795737743377686,
                    -2.7394497394561768
                ],
                [
                    -7.450580596923828e-09,
                    0.9747994542121887,
                    -0.22308312356472015,
                    -0.8992769122123718
                ],
                [
                    0.0,
                    0.0,
                    0.0,
                    1.0
                ]
            ]
        },
        {
            "file_path": "./train/r_003",
            "rotation": 0.031415926535897934,
            "time": 0.01507537688442211,
            "transform_matrix": [
                [
                    -0.5612494945526123,
                    0.4219365119934082,
                    -0.7120172381401062,
                    -2.8702332973480225
                ],
                [
                    -0.8276466727256775,
                    -0.2861265242099762,
                    0.48283809423446655,
                    1.9463826417922974
                ],
                [
                    0.0,
                    0.8602913618087769,
                    0.5098026990890503,
                    2.0550804138183594
                ],
                [
                    0.0,
                    0.0,
                    0.0,
                    1.0
                ]
            ]
        },
        {
            "file_path": "./train/r_004",
            "rotation": 0.031415926535897934,
            "time": 0.020100502512562814,
            "transform_matrix": [
                [
                    -0.5609073042869568,
                    -0.8081331849098206,
                    0.17973217368125916,
                    0.7245235443115234
                ],
                [
                    0.8278785943984985,
                    -0.547529399394989,
                    0.12177281826734543,
                    0.49088191986083984
                ],
                [
                    -7.450580596923828e-09,
                    0.21709959208965302,
                    0.9761494398117065,
                    3.9349842071533203
                ],
                [
                    0.0,
                    0.0,
                    0.0,
                    1.0
                ]
            ]
        },
        {
            "file_path": "./train/r_005",
            "rotation": 0.031415926535897934,
            "time": 0.02512562814070352,
            "transform_matrix": [
                [
                    -0.9401823878288269,
                    -0.15275847911834717,
                    0.3045024871826172,
                    1.2274887561798096
                ],
                [
                    0.34067124128341675,
                    -0.4215819239616394,
                    0.8403640985488892,
                    3.387615919113159
                ],
                [
                    0.0,
                    0.8938308954238892,
                    0.44840431213378906,
                    1.8075755834579468
                ],
                [
                    0.0,
                    0.0,
                    0.0,
                    1.0
                ]
            ]
        },
        {
            "file_path": "./train/r_006",
            "rotation": 0.031415926535897934,
            "time": 0.03015075376884422,
            "transform_matrix": [
                [
                    0.379997193813324,
                    0.5935682058334351,
                    -0.7094215154647827,
                    -2.859769582748413
                ],
                [
                    -0.9249876141548157,
                    0.24384570121765137,
                    -0.29143980145454407,
                    -1.1748313903808594
                ],
                [
                    -1.4901160305669237e-08,
                    0.7669525146484375,
                    0.6417039036750793,
                    2.5867912769317627
                ],
                [
                    0.0,
                    0.0,
                    0.0,
                    1.0
                ]
            ]
        },
        {
            "file_path": "./train/r_007",
            "rotation": 0.031415926535897934,
            "time": 0.035175879396984924,
            "transform_matrix": [
                [
                    -0.9340109825134277,
                    -0.33960580825805664,
                    0.11086618155241013,
                    0.446915864944458
                ],
                [
                    0.35724419355392456,
                    -0.8878955841064453,
                    0.2898584008216858,
                    1.1684565544128418
                ],
                [
                    -7.450580152834618e-09,
                    0.3103373348712921,
                    0.9506264925003052,
                    3.8320980072021484
                ],
                [
                    0.0,
                    0.0,
                    0.0,
                    1.0
                ]
            ]
        },
        {
            "file_path": "./train/r_008",
            "rotation": 0.031415926535897934,
            "time": 0.04020100502512563,
            "transform_matrix": [
                [
                    0.9817772507667542,
                    0.12257572263479233,
                    -0.14521905779838562,
                    -0.5853967666625977
                ],
                [
                    -0.19003520905971527,
                    0.6332618594169617,
                    -0.7502439618110657,
                    -3.0243301391601562
                ],
                [
                    -7.450580152834618e-09,
                    0.7641692161560059,
                    0.6450158357620239,
                    2.600142002105713
                ],
                [
                    0.0,
                    0.0,
                    0.0,
                    1.0
                ]
            ]
        },
        {
            "file_path": "./train/r_009",
            "rotation": 0.031415926535897934,
            "time": 0.04522613065326633,
            "transform_matrix": [
                [
                    0.9962615370750427,
                    -0.045898258686065674,
                    0.07318592816591263,
                    0.2950219213962555
                ],
                [
                    0.08638767153024673,
                    0.5293194055557251,
                    -0.8440130949020386,
                    -3.4023256301879883
                ],
                [
                    0.0,
                    0.8471803069114685,
                    0.5313055515289307,
                    2.141761302947998
                ],
                [
                    0.0,
                    0.0,
                    0.0,
                    1.0
                ]
            ]
        },
        {
            "file_path": "./train/r_010",
            "rotation": 0.031415926535897934,
            "time": 0.05025125628140704,
            "transform_matrix": [
                [
                    0.6551870703697205,
                    0.19450321793556213,
                    -0.7299989461898804,
                    -2.9427194595336914
                ],
                [
                    -0.755466639995575,
                    0.16868513822555542,
                    -0.6330999135971069,
                    -2.552107095718384
                ],
                [
                    0.0,
                    0.966288685798645,
                    0.2574610710144043,
                    1.0378586053848267
                ],
                [
                    0.0,
                    0.0,
                    0.0,
                    1.0
                ]
            ]
        },
        {
            "file_path": "./train/r_011",
            "rotation": 0.031415926535897934,
            "time": 0.05527638190954774,
            "transform_matrix": [
                [
                    0.8605297207832336,
                    -0.3474896550178528,
                    0.3724774718284607,
                    1.50150465965271
                ],
                [
                    0.5094001293182373,
                    0.587014377117157,
                    -0.6292262673377991,
                    -2.536492109298706
                ],
                [
                    0.0,
                    0.7312079668045044,
                    0.6821545958518982,
                    2.7498531341552734
                ],
                [
                    0.0,
                    0.0,
                    0.0,
                    1.0
                ]
            ]
        },
        {
            "file_path": "./train/r_012",
            "rotation": 0.031415926535897934,
            "time": 0.06030150753768844,
            "transform_matrix": [
                [
                    -0.6588743925094604,
                    0.25264570116996765,
                    -0.7085581421852112,
                    -2.8562891483306885
                ],
                [
                    -0.752252995967865,
                    -0.22128434479236603,
                    0.6206035017967224,
                    2.50173282623291
                ],
                [
                    -1.4901161193847656e-08,
                    0.9419146180152893,
                    0.33585208654403687,
                    1.3538631200790405
                ],
                [
                    0.0,
                    0.0,
                    0.0,
                    1.0
                ]
            ]
        },
        {
            "file_path": "./train/r_013",
            "rotation": 0.031415926535897934,
            "time": 0.06532663316582915,
            "transform_matrix": [
                [
                    0.16592039167881012,
                    -0.14224985241889954,
                    0.9758254885673523,
                    3.933678388595581
                ],
                [
                    0.9861391186714172,
                    0.02393389865756035,
                    -0.16418510675430298,
                    -0.6618513464927673
                ],
                [
                    -1.8626450382086546e-09,
                    0.9895413517951965,
                    0.14424927532672882,
                    0.5814874172210693
                ],
                [
                    0.0,
                    0.0,
                    0.0,
                    1.0
                ]
            ]
        },
        {
            "file_path": "./train/r_014",
            "rotation": 0.031415926535897934,
            "time": 0.07035175879396985,
            "transform_matrix": [
                [
                    -0.9563203454017639,
                    -0.2806803286075592,
                    0.08166985958814621,
                    0.3292217254638672
                ],
                [
                    0.29232072830200195,
                    -0.9182389378547668,
                    0.26718100905418396,
                    1.0770411491394043
                ],
                [
                    -7.450580596923828e-09,
                    0.2793844938278198,
                    0.960179328918457,
                    3.8706066608428955
                ],
                [
                    0.0,
                    0.0,
                    0.0,
                    1.0
                ]
            ]
        },
        {
            "file_path": "./train/r_015",
            "rotation": 0.031415926535897934,
            "time": 0.07537688442211055,
            "transform_matrix": [
                [
                    0.9998745322227478,
                    -0.012184137478470802,
                    0.010127403773367405,
                    0.04082487151026726
                ],
                [
                    0.015843531116843224,
                    0.768932580947876,
                    -0.6391335725784302,
                    -2.576429843902588
                ],
                [
                    9.313225746154785e-10,
                    0.6392137408256531,
                    0.7690290212631226,
                    3.10005521774292
                ],
                [
                    0.0,
                    0.0,
                    0.0,
                    1.0
                ]
            ]
        },
        {
            "file_path": "./train/r_016",
            "rotation": 0.031415926535897934,
            "time": 0.08040201005025126,
            "transform_matrix": [
                [
                    0.4224444627761841,
                    -0.1575416922569275,
                    0.8925924301147461,
                    3.5981552600860596
                ],
                [
                    0.9063888788223267,
                    0.07342611998319626,
                    -0.41601431369781494,
                    -1.6770073175430298
                ],
                [
                    0.0,
                    0.9847788214683533,
                    0.17381246387958527,
                    0.7006604671478271
                ],
                [
                    0.0,
                    0.0,
                    0.0,
                    1.0
                ]
            ]
        },
        {
            "file_path": "./train/r_017",
            "rotation": 0.031415926535897934,
            "time": 0.08542713567839195,
            "transform_matrix": [
                [
                    0.6304435133934021,
                    0.6513828635215759,
                    -0.42218631505966187,
                    -1.7018874883651733
                ],
                [
                    -0.7762351036071777,
                    0.5290409326553345,
                    -0.3428918123245239,
                    -1.382241129875183
                ],
                [
                    0.0,
                    0.5438897013664246,
                    0.8391566276550293,
                    3.382748603820801
                ],
                [
                    0.0,
                    0.0,
                    0.0,
                    1.0
                ]
            ]
        },
        {
            "file_path": "./train/r_018",
            "rotation": 0.031415926535897934,
            "time": 0.09045226130653267,
            "transform_matrix": [
                [
                    0.9183757901191711,
                    0.3776707947254181,
                    -0.11811243742704391,
                    -0.47612640261650085
                ],
                [
                    -0.39570921659469604,
                    0.8765115737915039,
                    -0.27411946654319763,
                    -1.105010747909546
                ],
                [
                    0.0,
                    0.2984830141067505,
                    0.9544150233268738,
                    3.84736967086792
                ],
                [
                    0.0,
                    0.0,
                    0.0,
                    1.0
                ]
            ]
        },
        {
            "file_path": "./train/r_019",
            "rotation": 0.031415926535897934,
            "time": 0.09547738693467336,
            "transform_matrix": [
                [
                    0.9479119181632996,
                    0.1351175457239151,
                    -0.28845489025115967,
                    -1.1627988815307617
                ],
                [
                    -0.3185325264930725,
                    0.40209245681762695,
                    -0.8584047555923462,
                    -3.4603402614593506
                ],
                [
                    -7.4505797087454084e-09,
                    0.9055744409561157,
                    0.4241875410079956,
                    1.7099546194076538
                ],
                [
                    0.0,
                    0.0,
                    0.0,
                    1.0
                ]
            ]
        },
        {
            "file_path": "./train/r_020",
            "rotation": 0.031415926535897934,
            "time": 0.10050251256281408,
            "transform_matrix": [
                [
                    -0.19415117800235748,
                    0.518024206161499,
                    -0.8330402970314026,
                    -3.358092784881592
                ],
                [
                    -0.98097163438797,
                    -0.10252591222524643,
                    0.16487301886081696,
                    0.6646243929862976
                ],
                [
                    0.0,
                    0.8491991758346558,
                    0.5280726552009583,
                    2.1287288665771484
                ],
                [
                    0.0,
                    0.0,
                    0.0,
                    1.0
                ]
            ]
        },
        {
            "file_path": "./train/r_021",
            "rotation": 0.031415926535897934,
            "time": 0.10552763819095477,
            "transform_matrix": [
                [
                    -0.1721881926059723,
                    0.5070717334747314,
                    -0.8445291519165039,
                    -3.4044058322906494
                ],
                [
                    -0.9850641489028931,
                    -0.08863562345504761,
                    0.14762282371520996,
                    0.5950866341590881
                ],
                [
                    0.0,
                    0.8573341369628906,
                    0.5147601366043091,
                    2.0750644207000732
                ],
                [
                    0.0,
                    0.0,
                    0.0,
                    1.0
                ]
            ]
        },
        {
            "file_path": "./train/r_022",
            "rotation": 0.031415926535897934,
            "time": 0.11055276381909548,
            "transform_matrix": [
                [
                    -0.9124501943588257,
                    -0.34628450870513916,
                    0.21799509227275848,
                    0.8787662982940674
                ],
                [
                    0.40918806195259094,
                    -0.7721813321113586,
                    0.4861082136631012,
                    1.9595649242401123
                ],
                [
                    0.0,
                    0.5327504873275757,
                    0.846272349357605,
                    3.411432981491089
                ],
                [
                    0.0,
                    0.0,
                    0.0,
                    1.0
                ]
            ]
        },
        {
            "file_path": "./train/r_023",
            "rotation": 0.031415926535897934,
            "time": 0.11557788944723618,
            "transform_matrix": [
                [
                    0.15587148070335388,
                    0.591749370098114,
                    -0.7909088730812073,
                    -3.188255548477173
                ],
                [
                    -0.9877772927284241,
                    0.09337819367647171,
                    -0.12480560690164566,
                    -0.503107488155365
                ],
                [
                    0.0,
                    0.800695538520813,
                    0.5990716218948364,
                    2.4149348735809326
                ],
                [
                    0.0,
                    0.0,
                    0.0,
                    1.0
                ]
            ]
        },
        {
            "file_path": "./train/r_024",
            "rotation": 0.031415926535897934,
            "time": 0.12060301507537688,
            "transform_matrix": [
                [
                    -0.629351794719696,
                    -0.519155740737915,
                    0.5782676935195923,
                    2.331071615219116
                ],
                [
                    0.7771204113960266,
                    -0.42043885588645935,
                    0.46831071376800537,
                    1.887820839881897
                ],
                [
                    0.0,
                    0.7441158294677734,
                    0.6680505275726318,
                    2.692997932434082
                ],
                [
                    0.0,
                    0.0,
                    0.0,
                    1.0
                ]
            ]
        },
        {
            "file_path": "./train/r_025",
            "rotation": 0.031415926535897934,
            "time": 0.12562814070351758,
            "transform_matrix": [
                [
                    -0.6975053548812866,
                    -0.4933420419692993,
                    0.5197113156318665,
                    2.0950233936309814
                ],
                [
                    0.7165794968605042,
                    -0.4802100956439972,
                    0.5058774352073669,
                    2.039257049560547
                ],
                [
                    1.4901161193847656e-08,
                    0.725266695022583,
                    0.6884679794311523,
                    2.7753031253814697
                ],
                [
                    0.0,
                    0.0,
                    0.0,
                    1.0
                ]
            ]
        },
        {
            "file_path": "./train/r_026",
            "rotation": 0.031415926535897934,
            "time": 0.1306532663316583,
            "transform_matrix": [
                [
                    0.966860830783844,
                    -0.05586526542901993,
                    0.24911685287952423,
                    1.0042221546173096
                ],
                [
                    0.2553040087223053,
                    0.21156713366508484,
                    -0.9434294700622559,
                    -3.8030858039855957
                ],
                [
                    0.0,
                    0.975765585899353,
                    0.2188185751438141,
                    0.882085919380188
                ],
                [
                    0.0,
                    0.0,
                    0.0,
                    1.0
                ]
            ]
        },
        {
            "file_path": "./train/r_027",
            "rotation": 0.031415926535897934,
            "time": 0.135678391959799,
            "transform_matrix": [
                [
                    0.960274875164032,
                    -0.2564237117767334,
                    0.11008647829294205,
                    0.4437727928161621
                ],
                [
                    0.2790558636188507,
                    0.8823941946029663,
                    -0.37882480025291443,
                    -1.5270916223526
                ],
                [
                    -7.450580596923828e-09,
                    0.3944961428642273,
                    0.9188975691795349,
                    3.7041945457458496
                ],
                [
                    0.0,
                    0.0,
                    0.0,
                    1.0
                ]
            ]
        },
        {
            "file_path": "./train/r_028",
            "rotation": 0.031415926535897934,
            "time": 0.1407035175879397,
            "transform_matrix": [
                [
                    -0.3211882710456848,
                    -0.3022049367427826,
                    0.8975021243095398,
                    3.6179471015930176
                ],
                [
                    0.9470154047012329,
                    -0.10249536484479904,
                    0.3043954074382782,
                    1.2270572185516357
                ],
                [
                    1.4901162970204496e-08,
                    0.9477165937423706,
                    0.31911301612854004,
                    1.2863858938217163
                ],
                [
                    0.0,
                    0.0,
                    0.0,
                    1.0
                ]
            ]
        },
        {
            "file_path": "./train/r_029",
            "rotation": 0.031415926535897934,
            "time": 0.1457286432160804,
            "transform_matrix": [
                [
                    0.6125458478927612,
                    -0.4511477053165436,
                    0.6490403413772583,
                    2.6163651943206787
                ],
                [
                    0.7904350757598877,
                    0.3496159017086029,
                    -0.5029723644256592,
                    -2.0275464057922363
                ],
                [
                    0.0,
                    0.8211178183555603,
                    0.5707586407661438,
                    2.3008017539978027
                ],
                [
                    0.0,
                    0.0,
                    0.0,
                    1.0
                ]
            ]
        },
        {
            "file_path": "./train/r_030",
            "rotation": 0.031415926535897934,
            "time": 0.1507537688442211,
            "transform_matrix": [
                [
                    0.056020040065050125,
                    0.3089674413204193,
                    -0.9494213461875916,
                    -3.827239751815796
                ],
                [
                    -0.998429536819458,
                    0.017335591837763786,
                    -0.05327028036117554,
                    -0.2147393673658371
                ],
                [
                    0.0,
                    0.9509145617485046,
                    0.30945339798927307,
                    1.2474465370178223
                ],
                [
                    0.0,
                    0.0,
                    0.0,
                    1.0
                ]
            ]
        },
        {
            "file_path": "./train/r_031",
            "rotation": 0.031415926535897934,
            "time": 0.15577889447236182,
            "transform_matrix": [
                [
                    -0.44439420104026794,
                    0.5107893347740173,
                    -0.7359402775764465,
                    -2.966670036315918
                ],
                [
                    -0.8958314061164856,
                    -0.2533867657184601,
                    0.3650771677494049,
                    1.4716731309890747
                ],
                [
                    0.0,
                    0.8215165138244629,
                    0.5701847076416016,
                    2.298488140106201
                ],
                [
                    0.0,
                    0.0,
                    0.0,
                    1.0
                ]
            ]
        },
        {
            "file_path": "./train/r_032",
            "rotation": 0.031415926535897934,
            "time": 0.16080402010050251,
            "transform_matrix": [
                [
                    0.9273862838745117,
                    -0.11731475591659546,
                    0.3552350699901581,
                    1.431998372077942
                ],
                [
                    0.37410521507263184,
                    0.2908168137073517,
                    -0.8806082010269165,
                    -3.5498452186584473
                ],
                [
                    7.450580596923828e-09,
                    0.9495592713356018,
                    0.31358757615089417,
                    1.2641119956970215
                ],
                [
                    0.0,
                    0.0,
                    0.0,
                    1.0
                ]
            ]
        },
        {
            "file_path": "./train/r_033",
            "rotation": 0.031415926535897934,
            "time": 0.1658291457286432,
            "transform_matrix": [
                [
                    -0.6861810088157654,
                    0.7216668725013733,
                    -0.09139189124107361,
                    -0.3684125244617462
                ],
                [
                    -0.7274307608604431,
                    -0.6807439923286438,
                    0.08620941638946533,
                    0.3475213050842285
                ],
                [
                    0.0,
                    0.12563668191432953,
                    0.9920762181282043,
                    3.999187469482422
                ],
                [
                    0.0,
                    0.0,
                    0.0,
                    1.0
                ]
            ]
        },
        {
            "file_path": "./train/r_034",
            "rotation": 0.031415926535897934,
            "time": 0.1708542713567839,
            "transform_matrix": [
                [
                    -0.9996050000190735,
                    0.006923683453351259,
                    -0.027240008115768433,
                    -0.10980798304080963
                ],
                [
                    -0.028106145560741425,
                    -0.24624322354793549,
                    0.96880042552948,
                    3.9053595066070557
                ],
                [
                    0.0,
                    0.9691833853721619,
                    0.2463405281305313,
                    0.9930304288864136
                ],
                [
                    0.0,
                    0.0,
                    0.0,
                    1.0
                ]
            ]
        },
        {
            "file_path": "./train/r_035",
            "rotation": 0.031415926535897934,
            "time": 0.17587939698492464,
            "transform_matrix": [
                [
                    -0.4931207299232483,
                    0.7527844905853271,
                    -0.4360589385032654,
                    -1.7578096389770508
                ],
                [
                    -0.8699608445167542,
                    -0.42670154571533203,
                    0.24717171490192413,
                    0.9963809251785278
                ],
                [
                    0.0,
                    0.5012397170066833,
                    0.8653085231781006,
                    3.4881699085235596
                ],
                [
                    0.0,
                    0.0,
                    0.0,
                    1.0
                ]
            ]
        },
        {
            "file_path": "./train/r_036",
            "rotation": 0.031415926535897934,
            "time": 0.18090452261306533,
            "transform_matrix": [
                [
                    -0.9948137402534485,
                    0.08970039337873459,
                    -0.047952961176633835,
                    -0.19330456852912903
                ],
                [
                    -0.10171356052160263,
                    -0.8773185014724731,
                    0.4690059721469879,
                    1.8906235694885254
                ],
                [
                    0.0,
                    0.4714510142803192,
                    0.881892204284668,
                    3.555021286010742
                ],
                [
                    0.0,
                    0.0,
                    0.0,
                    1.0
                ]
            ]
        },
        {
            "file_path": "./train/r_037",
            "rotation": 0.031415926535897934,
            "time": 0.18592964824120603,
            "transform_matrix": [
                [
                    -0.10548198968172073,
                    -0.8527455925941467,
                    0.5115647912025452,
                    2.0621836185455322
                ],
                [
                    0.9944213032722473,
                    -0.09045391529798508,
                    0.05426359176635742,
                    0.21874353289604187
                ],
                [
                    0.0,
                    0.5144346952438354,
                    0.8575295209884644,
                    3.4568121433258057
                ],
                [
                    0.0,
                    0.0,
                    0.0,
                    1.0
                ]
            ]
        },
        {
            "file_path": "./train/r_038",
            "rotation": 0.031415926535897934,
            "time": 0.19095477386934673,
            "transform_matrix": [
                [
                    0.270591676235199,
                    0.8134358525276184,
                    -0.5148809552192688,
                    -2.0755515098571777
                ],
                [
                    -0.9626942276954651,
                    0.22863851487636566,
                    -0.14472146332263947,
                    -0.5833908915519714
                ],
                [
                    -7.450580152834618e-09,
                    0.5348333120346069,
                    0.8449575901031494,
                    3.406132936477661
                ],
                [
                    0.0,
                    0.0,
                    0.0,
                    1.0
                ]
            ]
        },
        {
            "file_path": "./train/r_039",
            "rotation": 0.031415926535897934,
            "time": 0.19597989949748743,
            "transform_matrix": [
                [
                    0.5968063473701477,
                    0.7176124453544617,
                    -0.3589630424976349,
                    -1.447026252746582
                ],
                [
                    -0.8023852705955505,
                    0.5337531566619873,
                    -0.2669932246208191,
                    -1.0762841701507568
                ],
                [
                    1.4901160305669237e-08,
                    0.44736984372138977,
                    0.8943490386009216,
                    3.605236291885376
                ],
                [
                    0.0,
                    0.0,
                    0.0,
                    1.0
                ]
            ]
        },
        {
            "file_path": "./train/r_040",
            "rotation": 0.031415926535897934,
            "time": 0.20100502512562815,
            "transform_matrix": [
                [
                    -0.3837771415710449,
                    -0.3748514950275421,
                    0.8439201712608337,
                    3.401951313018799
                ],
                [
                    0.9234256744384766,
                    -0.1557888686656952,
                    0.35073453187942505,
                    1.4138562679290771
                ],
                [
                    0.0,
                    0.9139015674591064,
                    0.40593576431274414,
                    1.6363794803619385
                ],
                [
                    0.0,
                    0.0,
                    0.0,
                    1.0
                ]
            ]
        },
        {
            "file_path": "./train/r_041",
            "rotation": 0.031415926535897934,
            "time": 0.20603015075376885,
            "transform_matrix": [
                [
                    -0.8552094101905823,
                    0.18925942480564117,
                    -0.4824909269809723,
                    -1.9449831247329712
                ],
                [
                    -0.5182823538780212,
                    -0.31229397654533386,
                    0.7961506247520447,
                    3.209385871887207
                ],
                [
                    0.0,
                    0.9309422373771667,
                    0.365166574716568,
                    1.4720335006713867
                ],
                [
                    0.0,
                    0.0,
                    0.0,
                    1.0
                ]
            ]
        },
        {
            "file_path": "./train/r_042",
            "rotation": 0.031415926535897934,
            "time": 0.21105527638190955,
            "transform_matrix": [
                [
                    -0.6994231343269348,
                    -0.4902663826942444,
                    0.5200443267822266,
                    2.0963656902313232
                ],
                [
                    0.7147077918052673,
                    -0.4797815978527069,
                    0.5089226961135864,
                    2.0515329837799072
                ],
                [
                    0.0,
                    0.7276320457458496,
                    0.6859675645828247,
                    2.765223741531372
                ],
                [
                    0.0,
                    0.0,
                    0.0,
                    1.0
                ]
            ]
        },
        {
            "file_path": "./train/r_043",
            "rotation": 0.031415926535897934,
            "time": 0.21608040201005024,
            "transform_matrix": [
                [
                    0.9614630937576294,
                    0.2119370698928833,
                    -0.1751323789358139,
                    -0.7059811949729919
                ],
                [
                    -0.27493390440940857,
